SAMPLES:	22783
BITSPERSAMPLE:	16
CHANNELS:	1
SAMPLERATE:	16000
NORMALIZED:	FALSE
23
35
36
26
6
13
22
21
32
33
32
24
21
8
2
3
12
10
0
2
10
5
-17
-31
-32
-30
-26
-24
-18
-16
0
12
7
8
-2
-6
-12
-8
1
4
8
20
22
18
5
-15
-24
-19
-24
-25
-31
-25
-23
-18
-14
-23
-23
-17
-8
-5
1
8
4
-8
-6
-13
-8
1
7
-1
-10
-7
-1
17
18
26
28
31
27
17
17
23
31
40
48
57
57
47
25
4
-4
-11
-10
-19
-23
-18
-12
2
-2
-17
-23
-27
-17
-12
0
3
5
4
-3
-9
-17
-23
-27
-23
-14
-1
6
2
-3
4
2
-7
-10
-11
-2
19
37
40
35
35
23
11
9
4
-3
-1
11
26
19
9
8
6
-3
-9
-24
-36
-45
-42
-37
-16
1
-2
-9
-26
-27
-21
-6
6
2
-16
-21
0
20
32
43
58
64
60
46
23
3
-8
-4
2
-6
-1
-6
-6
3
4
3
4
13
19
20
8
-2
2
6
23
21
19
20
9
3
-9
-2
7
13
7
-12
-16
-21
-38
-56
-62
-66
-61
-50
-41
-38
-37
-47
-54
-38
-21
0
8
18
26
20
20
21
20
20
16
10
19
21
37
51
52
51
37
26
14
-5
-19
-27
-37
-45
-31
-12
0
0
-13
-22
-19
-7
-5
-4
-6
-6
3
22
21
18
18
8
-9
-24
-33
-43
-44
-40
-50
-71
-68
-55
-52
-51
-51
-40
-21
-10
-9
-15
-23
-22
-6
3
5
1
-5
-5
-6
-3
-3
1
6
7
5
-1
5
2
3
7
5
4
6
12
13
7
3
-8
-21
-27
-22
-10
6
8
-4
-17
-24
-13
-14
-19
-14
-17
-16
-10
-28
-38
-43
-46
-38
-20
-5
-2
7
4
-11
-27
-27
-11
0
1
-18
-32
-23
-20
-32
-52
-55
-49
-35
-20
-6
0
5
3
-3
-6
-14
-9
2
14
18
5
8
16
19
1
-19
-16
-14
-11
-14
-15
-18
-18
-11
-27
-46
-48
-57
-46
-28
-30
-36
-43
-47
-45
-45
-45
-42
-41
-54
-71
-65
-64
-51
-43
-57
-64
-69
-46
-26
-13
-7
1
10
10
15
27
38
48
49
37
27
26
15
1
-1
-12
-21
-17
-6
-7
-10
-30
-40
-48
-48
-44
-53
-51
-48
-39
-34
-24
-18
-15
-14
-17
-9
14
33
42
38
25
5
-11
-18
-21
-5
0
5
-3
-21
-31
-23
-11
4
11
6
-2
-10
-10
-9
-5
-7
-6
-9
-28
-24
-16
-18
-24
-46
-41
-30
-22
-22
-41
-41
-24
-6
7
13
13
19
22
23
25
23
28
21
13
9
-3
-10
-3
-10
-21
-34
-38
-33
-33
-25
-9
-5
-7
1
1
6
15
9
11
20
19
18
27
40
49
58
46
32
11
-9
-11
-27
-39
-59
-74
-79
-87
-87
-80
-68
-47
-36
-26
-17
-13
-14
-12
-12
-13
-5
6
18
19
20
17
15
15
10
-2
-7
-4
-1
1
13
32
40
28
31
27
23
19
6
6
2
-4
-14
-4
11
27
35
28
26
18
3
-15
-8
-15
-25
-24
-24
-22
-19
-15
-15
-17
-20
-25
-24
-20
-12
1
18
39
39
32
26
30
27
14
5
1
1
11
17
18
22
14
9
5
6
-1
-11
-30
-35
-23
-21
-4
4
5
2
-6
-5
-24
-42
-56
-60
-53
-44
-31
-26
-23
-17
-20
-29
-29
-25
-14
-7
-7
-14
-16
-1
17
23
19
17
17
16
18
13
12
14
18
19
18
23
24
29
26
20
17
26
33
25
33
31
28
31
35
34
36
29
31
26
16
12
19
32
41
34
29
31
34
28
15
6
-5
-1
3
-1
-9
-18
-18
-7
2
13
19
16
12
7
4
-1
1
7
21
22
28
40
54
68
65
59
46
36
26
27
17
10
11
16
18
23
37
38
40
25
15
18
18
8
1
2
-2
3
21
42
45
35
27
19
2
-4
-1
9
18
12
2
-6
-1
-1
-1
-1
4
10
22
32
42
50
52
37
25
28
39
42
46
43
27
31
35
44
42
41
33
17
17
-5
-20
-28
-22
-6
15
34
23
20
14
18
22
22
25
31
41
38
25
25
35
48
39
24
26
25
39
45
43
28
24
27
25
25
28
25
20
19
17
22
30
25
21
9
5
12
8
11
10
8
6
8
10
24
16
-2
-1
-6
2
5
5
12
12
5
3
5
21
35
46
60
75
87
85
92
96
86
75
70
60
55
47
42
44
36
30
24
30
29
16
5
-7
-15
-5
1
8
26
44
51
52
44
28
12
4
3
9
18
27
38
41
45
46
36
25
11
1
-9
-4
12
20
28
37
42
35
31
18
10
7
7
5
9
18
28
30
25
21
13
14
16
22
25
33
39
52
63
56
51
49
58
62
62
58
54
70
76
65
53
50
39
24
23
24
31
29
30
34
30
34
52
55
43
34
28
25
29
27
23
33
49
68
64
55
43
35
34
39
40
35
40
55
47
29
19
9
11
11
11
10
23
36
37
39
23
25
31
32
27
23
19
21
22
22
11
25
34
37
34
15
19
5
8
1
3
12
16
22
22
27
27
22
14
-5
-17
-21
-11
3
7
10
5
3
4
9
12
23
24
35
42
39
39
45
45
51
55
52
59
49
56
53
35
31
39
46
60
66
66
61
52
36
27
25
23
18
15
19
23
25
27
20
12
6
-7
6
7
-9
-17
-16
1
9
1
-12
-17
-19
-17
-32
-40
-24
2
33
43
43
32
30
28
12
10
13
30
58
67
49
40
24
10
-2
-14
-24
-32
-22
-22
-18
-22
-19
-12
-9
-1
3
4
9
16
17
11
5
5
17
22
15
2
-16
-18
-16
-19
-15
-11
-9
4
4
7
9
8
11
12
14
28
39
35
17
-2
-7
-11
-10
-16
-3
2
7
15
18
10
4
2
-13
-5
-5
5
25
23
6
12
28
40
42
33
34
38
34
29
28
37
47
40
29
16
14
20
32
53
55
46
42
38
36
38
35
35
43
32
21
16
19
16
1
-3
-11
-14
-24
-48
-70
-71
-61
-49
-39
-39
-33
-27
-13
1
2
2
-9
-18
-14
-1
14
28
29
7
-7
-24
-21
-5
3
7
3
-5
-7
-4
-2
-1
-6
-5
1
-5
-3
6
16
22
17
7
6
15
19
15
8
6
5
14
14
11
16
20
24
12
-8
-29
-39
-34
-27
-9
5
5
9
4
0
2
3
-7
-26
-37
-44
-52
-41
-22
2
8
-3
-11
-13
-14
-6
-9
-12
-7
-8
-10
-12
-25
-38
-43
-37
-23
-21
-18
-6
-8
-18
-13
-3
7
2
-14
-23
-26
-30
-30
-33
-30
-37
-40
-51
-40
-22
-12
-12
-31
-23
-15
-4
-2
8
15
20
20
21
8
-14
-22
-44
-50
-69
-70
-65
-47
-34
-27
-25
-35
-33
-52
-53
-44
-34
-27
-35
-43
-48
-55
-48
-35
-32
-40
-49
-42
-36
-31
-35
-36
-45
-45
-44
-46
-52
-39
-27
-27
-28
-31
-27
-23
-20
-22
-30
-33
-36
-46
-58
-62
-65
-54
-39
-31
-22
-18
-20
-26
-30
-48
-46
-45
-39
-37
-30
-23
-4
19
28
25
18
22
19
19
11
14
16
28
20
19
10
7
10
-10
-26
-39
-36
-26
-13
-22
-36
-50
-53
-55
-51
-45
-36
-36
-42
-38
-42
-38
-38
-49
-65
-79
-83
-75
-57
-41
-32
-23
-24
-33
-33
-31
-38
-38
-30
-21
-17
-3
-2
-6
-8
-17
-19
-21
-20
-17
-15
-18
-8
-9
-17
-22
-30
-39
-42
-37
-39
-36
-46
-40
-23
-26
-24
-26
-35
-36
-42
-51
-51
-45
-52
-52
-55
-50
-46
-58
-64
-71
-73
-54
-38
-32
-23
-19
-18
-16
-23
-40
-42
-40
-31
-25
-10
3
11
17
5
-12
-38
-53
-57
-58
-55
-48
-48
-40
-28
-38
-51
-63
-59
-44
-30
-14
4
26
39
29
11
9
17
23
14
7
-1
4
12
10
11
6
-2
-14
-41
-73
-91
-90
-66
-38
-17
-17
-34
-36
-32
-30
-34
-34
-37
-47
-55
-66
-60
-50
-48
-43
-51
-50
-42
-32
-15
-4
5
0
-3
-1
-5
-2
-4
-3
-13
-22
-27
-25
-17
-12
-6
-13
-12
-19
-20
-29
-34
-38
-39
-36
-31
-29
-26
-13
-13
-17
-19
-20
-23
-20
-12
-4
-2
6
5
-2
-1
-14
-13
-9
-4
-11
-30
-43
-47
-38
-22
-5
2
8
10
7
13
16
9
3
-2
-4
-16
-21
-19
-27
-28
-40
-34
-27
-21
-21
-28
-26
-9
4
10
14
13
15
-3
-17
-16
-14
-11
-14
-25
-16
-4
0
15
11
9
-4
-18
-21
-19
-4
-7
-6
-12
-18
-18
-21
-20
-25
-22
-29
-38
-38
-41
-40
-36
-30
-19
-20
-23
-33
-46
-58
-46
-28
-15
-12
-19
-5
2
2
-4
-12
-26
-29
-41
-39
-35
-23
-6
-9
-14
-27
-23
-23
-13
-15
-5
5
4
3
6
19
18
7
-5
-15
-10
-3
-8
4
-5
-15
-18
-26
-27
-27
-21
-20
-18
-21
-26
-26
-19
-5
2
-11
-16
-26
-34
-31
-18
-13
0
4
10
11
-6
-12
-11
-13
-12
-4
-3
4
12
13
14
14
7
-3
-4
0
1
-6
-15
-16
-17
-14
-6
-7
-2
-1
1
-7
-6
-4
0
12
4
-1
-16
-27
-25
-24
-14
-8
-5
-5
-5
-10
-15
-19
-16
-10
-11
-8
-12
-15
-16
-10
-14
-15
-11
-13
-16
-30
-39
-34
-23
-12
2
8
2
-7
-5
-8
-17
-25
-23
-18
-6
0
5
8
9
4
-1
0
-1
2
-8
-21
-37
-43
-37
-25
-15
-14
-29
-34
-34
-30
-20
-14
-8
-12
-18
-25
-26
-34
-30
-33
-30
-16
-11
-6
-8
-17
-23
-29
-21
-13
-9
-6
6
13
16
21
4
-5
-12
-11
-5
2
3
3
16
11
4
-10
-11
-14
-16
-26
-32
-17
-7
7
15
21
20
5
-6
1
-2
-10
-11
-7
-4
9
14
15
12
14
11
-2
-9
4
11
19
32
23
22
14
-11
-29
-43
-43
-45
-39
-39
-42
-21
-25
-30
-37
-53
-63
-61
-47
-34
-27
-11
2
-1
5
-4
-12
-17
-13
-12
-22
-28
-33
-37
-28
-21
-13
-7
-9
-20
-36
-42
-33
-28
-18
-14
-15
3
23
20
10
6
8
16
14
-2
-1
-3
4
12
1
-1
-12
-15
-16
-10
-15
-5
7
17
23
23
25
17
14
-1
-4
-4
-7
-9
-6
-1
12
15
4
-6
-7
1
6
3
5
3
0
-1
-2
2
-10
-15
-17
-22
-28
-30
-20
-21
-24
-33
-37
-41
-34
-38
-46
-44
-28
-31
-27
-9
-1
2
7
9
0
-1
-4
7
13
7
9
13
28
43
48
46
34
20
12
19
17
22
28
24
23
14
19
26
26
16
9
1
0
4
16
24
27
31
31
34
20
10
-2
-4
-2
-6
6
5
11
18
4
-10
-25
-17
-13
-4
15
13
4
-3
-10
-5
0
2
6
13
10
2
-4
-17
-24
-21
-20
-29
-24
-17
-10
1
23
33
40
39
22
8
-5
-6
-10
-1
2
5
7
2
12
22
34
30
13
8
6
7
1
-9
-15
-24
-29
-20
-12
-1
4
10
12
13
11
-1
-1
-10
-18
-14
-4
15
30
38
44
43
38
25
25
21
33
25
10
3
-3
3
-2
-10
-3
3
7
5
-5
0
6
5
0
-8
-12
-15
-18
-17
-23
-23
-25
-22
-10
-10
-11
-8
-7
-17
-19
-18
-21
-17
-11
-6
-2
-8
-9
-5
-5
-19
-30
-22
-19
-12
-19
-21
-31
-33
-34
-33
-36
-44
-51
-49
-45
-43
-40
-37
-35
-32
-28
-33
-17
-13
-4
0
1
-3
-7
-6
-3
4
3
14
13
6
-6
-2
7
11
8
4
5
11
13
24
37
44
51
54
51
49
48
46
48
41
25
15
18
9
-3
-7
-8
2
11
16
6
-1
-5
-8
-7
-18
-19
6
28
39
51
60
59
59
57
48
34
26
30
32
33
31
22
15
8
-4
-8
-16
-24
-27
-27
-22
-18
-14
0
5
9
5
-5
-8
-9
-17
-12
1
13
36
50
65
53
39
23
4
1
6
23
46
66
80
72
60
61
57
41
21
22
22
16
23
38
53
48
34
23
7
6
3
3
1
0
1
4
22
31
34
32
25
25
22
27
30
30
33
36
44
43
39
35
9
-14
-11
-2
4
4
3
-7
-3
-8
-2
5
-2
2
3
14
22
21
22
29
29
22
20
19
15
16
17
22
14
0
-11
-23
-21
-24
-29
-21
-16
-5
1
11
6
-4
-4
-3
7
21
34
34
36
42
55
49
26
-2
-3
-2
0
9
18
34
50
51
34
13
-1
3
9
10
9
15
9
0
-11
-28
-33
-27
-28
-24
-20
-21
-22
-20
-17
-26
-39
-49
-38
-29
-15
2
13
22
26
26
20
12
-3
-1
3
3
2
0
4
16
28
32
29
26
27
29
28
31
34
40
43
41
35
32
32
31
29
31
32
34
30
23
25
5
-8
-14
-22
-8
3
15
25
35
45
58
52
41
26
9
8
11
17
28
30
23
13
4
-3
-6
-12
-19
-20
-32
-28
-22
-14
-10
-17
-19
-19
-31
-35
-23
-13
4
14
19
16
5
-3
2
13
12
13
14
18
13
10
17
34
38
38
41
36
23
16
16
16
23
33
37
35
29
30
29
45
55
57
62
50
34
16
-2
-10
-13
-10
-8
-8
-8
-19
-19
-19
-12
-16
-24
-27
-30
-35
-28
-21
-12
2
5
3
-11
-14
-12
-7
-3
9
29
48
45
42
26
28
25
23
28
12
1
-9
-7
-7
-10
-8
-8
-16
-23
-31
-32
-24
-18
-11
-15
-12
-7
-6
-7
-2
-1
-2
5
7
12
27
34
43
43
40
40
32
23
13
8
11
17
16
0
-9
-15
-31
-44
-50
-46
-33
-16
-11
-5
-15
-30
-44
-48
-42
-35
-24
-22
-25
-27
-24
-29
-24
-20
-21
-20
-15
-9
-16
-10
-19
-14
8
20
20
17
13
11
2
-6
-3
4
13
15
21
20
28
43
45
38
29
25
25
38
38
38
25
11
1
-3
8
10
9
1
-8
-9
-9
-2
8
9
-5
-23
-35
-38
-19
-9
7
14
8
16
21
25
28
18
20
32
26
36
37
35
23
4
-11
-17
-15
-8
-4
0
9
6
2
10
14
7
7
8
11
16
26
36
53
57
52
39
12
-5
-14
-17
-19
-19
-4
-3
-6
-3
4
15
14
6
1
0
4
2
5
4
-10
-22
-31
-23
-14
-10
-13
-15
-22
-25
-32
-29
-13
6
21
22
24
28
29
30
22
19
22
11
5
-2
4
4
6
8
6
-5
-22
-19
-17
-2
0
-2
3
9
11
7
18
5
-1
8
12
15
5
5
17
34
50
56
50
27
12
9
12
21
27
16
-1
-14
-23
-19
-16
-12
-11
-24
-27
-32
-27
-16
-17
-4
11
21
16
11
21
24
8
5
3
-7
-27
-41
-47
-44
-47
-44
-41
-46
-50
-57
-59
-64
-64
-55
-35
-27
-14
3
14
17
18
13
11
13
-2
-7
3
4
3
-2
-10
-15
-21
-14
-11
-22
-28
-36
-32
-30
-30
-31
-32
-35
-36
-38
-27
-20
-24
-29
-38
-34
-36
-41
-40
-34
-35
-29
-32
-33
-33
-33
-29
-32
-25
-18
-15
-12
-14
-2
4
-5
-16
-24
-13
-1
6
-4
-9
-8
14
23
14
4
-5
-13
-23
-14
-16
-15
-17
-5
4
2
-1
-16
-16
-15
-18
-24
-29
-41
-49
-43
-29
-21
-7
-10
-19
-19
-9
-4
11
29
38
37
44
38
34
38
28
9
4
-1
-6
-3
-3
-1
8
25
23
17
17
6
3
-7
-10
-1
7
5
7
8
13
15
13
14
2
-3
-1
-1
-1
7
6
13
19
31
39
41
26
15
11
4
2
-11
-4
-4
-19
-27
-31
-34
-32
-30
-35
-40
-36
-37
-31
-33
-29
-25
-23
-15
-7
-1
-8
-16
-26
-27
-17
-11
-15
-4
3
7
3
4
12
14
13
3
-1
-8
-4
-13
-2
-4
-10
-3
-7
-16
-26
-27
-21
-15
-4
21
33
41
41
33
26
15
3
-2
13
19
16
23
20
18
17
23
17
9
-3
-9
-14
-22
-25
-15
-6
-4
6
16
15
5
10
29
39
46
48
50
40
17
11
4
-5
-26
-42
-45
-51
-49
-52
-52
-59
-52
-38
-21
-11
-4
-1
-1
-1
3
8
18
25
30
30
26
31
35
36
32
33
27
16
6
-2
5
-1
-5
10
13
12
-6
-14
-3
-7
-5
-12
-2
3
3
2
8
4
-1
2
0
-7
-4
-1
9
13
10
16
6
2
1
3
-3
-23
-21
-20
-10
-4
-13
-4
4
17
16
15
20
20
19
7
6
12
11
9
1
-4
-7
1
6
7
9
5
3
-2
-10
2
20
28
18
12
10
4
-9
-13
-12
-3
9
7
5
2
9
17
24
31
26
20
23
28
15
11
13
26
24
25
17
12
1
-20
-24
-27
-36
-45
-38
-17
-19
-15
-20
-25
-19
-18
0
10
19
28
39
40
27
26
36
45
46
37
33
35
21
2
-5
-16
-24
-28
-14
-10
-13
-12
-8
-6
-13
0
-1
3
12
29
42
41
33
18
10
-5
-13
0
14
19
25
19
17
8
-2
3
7
1
-12
-18
-22
-27
-20
-11
-3
-1
1
1
-6
-19
-23
-21
-26
-19
-21
-20
-8
-3
-8
-19
-18
-5
2
11
11
-1
-6
-4
-10
-15
-14
-18
-21
-26
-36
-46
-54
-50
-28
-7
12
8
11
9
9
29
47
71
66
58
61
64
62
61
79
88
93
74
58
44
30
14
-8
-22
-28
-20
-22
-12
1
5
3
-4
-10
-22
-26
-14
1
26
43
48
39
37
41
33
20
14
10
13
15
19
19
26
22
7
-18
-32
-35
-38
-43
-45
-49
-61
-60
-44
-25
-18
-22
-21
-18
-25
-31
-27
-12
19
44
42
33
24
9
1
-17
-38
-38
-31
-23
-15
-13
-16
-26
-40
-46
-41
-33
-27
-21
-14
-14
-26
-30
-25
-26
-22
-12
-7
-3
-6
-2
-3
-7
-13
-12
-19
-9
-4
-1
4
16
22
19
23
15
4
0
9
11
17
11
7
2
-10
-15
-18
0
19
20
17
-1
-15
-9
-12
-1
21
23
24
21
2
-10
-8
4
9
-9
-17
-26
-33
-44
-53
-49
-45
-42
-51
-51
-49
-51
-57
-52
-44
-28
-8
0
10
6
0
-6
-17
-14
-13
-1
-2
-13
-19
-22
-18
-11
6
10
9
3
7
15
14
3
-5
6
2
-11
-20
-25
-27
-29
-17
-4
2
-8
-13
-22
-44
-63
-73
-73
-69
-49
-23
1
16
10
8
10
-1
-7
-5
8
15
2
-16
-20
-12
-12
-3
7
26
28
15
6
-4
-16
-24
-28
-22
-15
-11
-2
-4
-14
-27
-44
-56
-60
-52
-35
-31
-28
-22
-10
9
13
1
-7
-14
-10
-12
0
12
36
34
20
23
19
5
-9
-4
8
10
9
14
14
14
9
-2
-16
-13
-5
-3
-1
-9
-23
-33
-38
-30
-6
17
27
34
31
10
1
-3
-6
-10
-11
5
-3
-9
-10
-1
5
-8
-21
-35
-33
-43
-42
-33
-16
-9
-12
-17
-11
-5
-5
-3
-2
-4
-18
-31
-38
-45
-57
-64
-64
-56
-55
-51
-31
-31
-25
-25
-28
-28
-28
-33
-40
-42
-54
-65
-69
-67
-52
-45
-39
-35
-29
-34
-33
-31
-36
-29
-27
-10
-1
6
10
13
19
23
12
-8
-13
-18
-21
-29
-30
-23
-23
-32
-37
-41
-39
-36
-35
-35
-35
-32
-33
-31
-11
9
14
22
12
10
20
22
18
14
4
-14
-25
-27
-21
-16
-17
-30
-41
-45
-43
-43
-42
-52
-32
-9
4
-1
-13
-9
-19
-24
-10
2
17
18
10
7
-3
-14
-18
-12
-8
4
9
16
15
6
-3
-16
-13
-12
-14
0
12
6
-1
-11
-11
-14
-14
-5
-2
-2
-7
-4
-8
-11
-7
4
6
6
10
7
4
2
5
8
13
26
24
11
4
6
8
10
2
-8
-18
-26
-28
-32
-25
-24
-23
-18
-7
4
7
16
18
17
34
46
50
57
52
57
57
48
44
36
23
14
0
-3
0
4
16
22
26
29
31
19
20
11
-9
-21
-24
-14
-11
-1
3
10
6
-2
-9
-23
-22
-23
-20
-19
-22
-23
-17
-7
0
5
1
-1
-10
-8
4
8
11
5
-5
-17
-22
-20
4
25
25
15
-4
-4
-2
11
18
26
27
16
10
9
19
26
28
30
30
18
19
13
16
32
38
39
28
8
3
15
14
12
12
7
0
-17
-12
-1
7
9
-1
-3
-3
0
8
22
34
31
26
15
8
2
-6
-4
-9
8
24
41
46
49
48
46
31
17
9
-5
-9
-15
-14
-7
-3
1
-1
-13
-10
-6
-2
-7
7
13
10
10
-2
-7
-4
4
1
8
12
9
9
13
21
15
7
7
15
13
6
1
5
10
10
9
16
20
10
-6
-12
-17
-17
-7
8
15
11
3
-14
-33
-34
-28
-6
7
1
-3
0
22
25
26
34
32
30
23
13
21
30
34
34
36
37
32
24
17
7
-4
-12
-8
-11
-19
-24
-39
-31
-16
-1
2
-3
-11
-22
-22
-30
-31
-25
-7
14
27
29
21
33
40
35
29
31
38
39
14
1
-14
-23
-20
-24
-29
-42
-41
-47
-52
-50
-42
-30
-24
-15
-13
-3
9
25
40
47
54
55
51
27
11
11
12
21
26
29
32
25
30
24
15
8
-1
-10
-6
-5
9
34
36
33
25
16
3
-3
-3
-2
5
16
18
29
38
48
38
33
27
31
36
34
45
48
45
44
34
29
21
7
6
-3
-3
3
2
4
3
7
8
3
-4
-4
-10
-8
2
17
32
38
43
48
48
38
22
22
28
33
30
31
39
56
66
63
59
44
34
33
15
-9
-18
-8
1
8
8
8
-2
-8
-9
-11
-14
-12
3
16
15
21
26
28
27
25
36
41
46
58
68
59
56
61
70
83
78
73
63
57
58
69
78
71
60
43
38
22
16
15
7
-9
-14
-8
-9
4
10
5
2
0
-13
-6
-8
-5
3
-9
-9
-13
-13
-16
-13
-1
5
11
22
14
15
23
23
20
9
13
19
17
9
7
18
43
45
43
36
17
11
-6
-20
-28
-25
-24
-29
-22
-14
-5
-1
12
17
14
16
17
18
27
30
32
50
57
47
42
36
26
19
13
8
-3
-16
-30
-43
-40
-36
-23
-18
-15
-14
-17
-12
4
10
14
19
23
21
12
-6
-11
-17
-21
-26
-22
-19
-11
-5
-7
-14
-25
-33
-25
-7
-3
0
12
12
-1
-10
-15
-16
-16
-12
-4
0
-7
-5
-6
-3
-5
1
15
20
18
18
7
12
13
-6
2
10
12
4
1
-6
-13
-21
-33
-33
-23
-20
-18
-7
-2
3
5
3
-12
-7
-23
-31
-27
-31
-20
6
33
40
38
38
39
40
32
27
18
-3
-15
-13
1
8
11
12
8
4
-10
-11
-3
-5
-8
-8
-10
-15
-11
-7
-1
2
-7
-12
-14
-11
-9
-4
-10
-14
-2
1
4
-5
-17
-19
-14
-12
-10
-3
-1
-3
-3
-6
-1
-5
-13
-19
-13
-7
-1
2
-4
-1
-9
-7
-6
-2
5
9
8
3
-2
1
17
25
30
22
20
1
-11
-19
-17
-4
9
22
38
43
34
20
5
0
9
17
20
15
2
7
1
-4
-7
-19
-26
-22
-17
-15
-16
-11
-7
-4
0
-5
-6
-10
-18
-29
-29
-19
-12
-4
4
-2
-8
-15
-18
-17
-15
-12
-9
-10
-9
-4
-16
-10
-1
7
12
14
3
4
-3
-16
-15
-30
-35
-28
-32
-29
-12
1
21
33
30
22
7
-1
-4
-4
-18
-19
-13
-5
9
13
15
9
0
-10
-16
-17
-26
-31
-36
-36
-33
-33
-28
-28
-25
-20
-18
-11
5
17
18
25
25
27
36
35
29
19
10
6
7
5
-4
-15
-25
-31
-25
-20
-13
-6
-9
-16
-15
-9
-12
-19
-24
-29
-24
-27
-22
-28
-35
-41
-44
-28
-2
14
25
23
12
3
-6
-2
-10
-18
-15
-4
3
13
10
-3
-22
-33
-40
-35
-43
-39
-23
-22
-18
-18
-13
-5
10
25
37
40
33
28
31
23
19
20
22
16
7
1
-10
-6
-3
-2
-3
-2
-8
-17
-11
-9
-3
-5
-10
-10
-5
2
14
13
9
5
2
4
2
11
22
32
24
6
-10
-27
-16
-3
4
8
2
0
-7
-21
-20
-17
-10
-1
0
-2
-14
-23
-16
-5
-1
-7
-10
-9
-9
-4
-4
1
11
34
50
54
58
51
37
12
13
18
32
38
31
22
16
18
16
21
17
16
10
-1
-6
7
11
9
9
3
1
1
8
6
-5
-13
-18
-19
-18
-15
-15
-6
-9
-11
-9
-12
-16
-22
-13
-5
1
-2
0
-4
-13
-10
-7
-9
-12
-7
6
12
10
11
16
11
-16
-36
-50
-52
-45
-33
-28
-34
-35
-44
-41
-28
-24
-19
-22
-27
-22
-8
11
15
14
-3
-16
-19
-24
-2
13
16
21
9
8
5
7
7
6
13
10
-3
-25
-38
-38
-23
-12
-7
5
8
1
-11
-10
-6
5
4
2
-4
-7
-8
-19
-23
-30
-19
-8
-3
6
-2
-12
-10
-8
-7
-8
-5
-9
-17
-3
7
14
25
22
25
31
25
2
-14
-31
-33
-15
-6
10
18
14
10
-5
-13
-5
3
12
22
22
19
10
9
9
-3
-6
-5
-9
-6
-11
-11
-9
-8
-22
-30
-31
-36
-19
-11
-9
-11
-9
-16
-7
1
7
19
6
-5
-9
-9
-9
-5
2
11
16
28
29
18
16
19
25
21
11
5
-4
-22
-29
-27
-20
-16
-12
-2
0
-3
-3
-5
-1
6
23
41
56
67
70
64
58
61
47
35
22
20
23
17
5
1
-9
-19
-19
-14
0
-1
-7
-16
-28
-23
-24
-19
-5
8
22
20
12
18
26
35
35
27
19
9
-3
-17
-26
-22
-12
-9
-12
-17
-23
-26
-40
-49
-49
-43
-35
-23
-9
6
18
38
37
27
26
26
26
27
12
-2
-16
-30
-27
-20
-6
1
2
-1
-3
-10
-13
-16
0
5
15
17
10
13
6
-3
-14
-13
-10
-1
-1
5
16
15
12
0
-10
-12
-18
-16
-13
-12
0
9
20
27
26
17
11
-6
-27
-34
-34
-25
-18
-18
-5
-2
0
0
-2
-3
6
25
42
51
46
39
31
30
42
55
62
66
52
45
33
10
3
-1
-8
-12
-12
-13
-12
-13
-4
7
-9
-14
-20
-23
-20
-4
3
9
16
13
9
-2
-5
-10
-7
-13
-21
-16
-11
-9
-4
-2
0
3
3
1
6
18
14
11
-3
-14
-5
-4
-3
0
-7
-11
-12
-23
-19
3
17
25
25
22
12
17
13
0
2
0
15
15
15
10
-1
-3
-6
-8
-17
-25
-31
-22
-12
-15
-21
-18
-22
-34
-32
-30
-16
3
8
-9
-16
-24
-27
-26
-10
-5
-14
-16
-22
-17
-12
-12
-10
-16
-36
-41
-29
-35
-43
-47
-37
-38
-34
-29
-32
-25
-15
-9
3
17
30
37
43
50
48
40
20
3
0
5
4
8
14
28
36
22
8
1
-5
-14
-20
-22
-19
-21
-27
-30
-33
-18
-17
-12
-11
-13
-14
-21
-23
-21
-4
-1
-1
-10
-7
1
-3
1
8
19
19
18
22
22
20
16
22
35
30
34
36
41
39
35
30
15
16
12
11
11
9
3
2
8
17
6
-1
-3
8
20
25
33
31
34
26
18
18
12
10
14
16
24
21
17
11
4
-8
-16
-24
-23
-12
-13
-21
-19
-8
-3
-1
1
4
-6
-14
-23
-18
-14
-13
-16
-17
-19
-14
1
4
9
10
13
12
7
7
16
28
28
16
3
0
2
-5
-8
-17
-14
-3
8
14
11
7
16
25
28
32
31
32
20
24
25
36
34
15
6
-6
-7
-16
-24
-23
-8
2
14
17
19
18
22
32
35
36
35
38
39
43
41
31
22
18
28
36
29
15
1
-9
-11
-12
-6
-13
-7
0
9
11
9
12
19
18
11
0
4
6
8
6
9
-1
-14
-18
-36
-34
-34
-26
-29
-30
-23
-19
-15
-17
-21
-8
-3
-4
-3
1
14
17
10
5
7
7
7
7
8
17
4
-18
-24
-26
-17
-21
-17
-14
-11
-10
1
1
2
6
4
9
11
20
23
23
26
34
35
35
27
22
26
32
29
18
-2
-24
-22
-22
-13
-7
2
8
11
13
14
10
-1
-4
-12
-5
-4
-8
-24
-42
-52
-53
-48
-37
-28
-31
-27
-29
-20
-24
-34
-34
-30
-16
-15
-14
-4
4
17
17
23
23
5
-4
-17
-29
-29
-22
-14
-7
-2
-1
5
11
10
3
-1
-9
-10
-12
-3
10
6
2
-7
-7
-2
0
-2
-15
-20
-35
-52
-62
-43
-19
-5
4
-6
-13
-16
-9
1
15
28
35
35
30
25
27
27
33
31
24
19
8
6
3
-1
6
-2
-12
-14
-13
-4
7
29
33
29
25
30
35
37
29
27
27
25
28
12
0
-22
-36
-48
-47
-37
-34
-25
-15
-11
-8
-4
-17
-28
-32
-23
-16
-8
-7
-6
2
4
-2
-8
-7
-21
-21
-18
-8
-10
-13
-8
-3
4
3
10
4
-1
-1
11
12
6
-7
-15
-16
-19
-9
-7
-10
-16
-29
-31
-28
-20
-15
-11
-2
-9
-16
-33
-45
-51
-46
-24
4
31
44
46
45
44
40
23
24
27
22
26
17
15
11
1
-6
-18
-19
-8
13
26
23
21
14
4
5
0
13
13
3
-1
-5
-8
-13
-10
-4
-3
3
-3
-9
-1
5
-2
-13
-13
-19
-1
1
-6
-11
-25
-27
-32
-25
-23
-22
-15
-15
-20
-21
-21
-1
15
17
28
34
35
29
15
15
27
36
46
44
34
25
10
8
5
6
0
-8
-2
5
15
23
29
37
42
34
25
9
-1
7
16
31
47
51
49
39
27
13
1
-1
-4
2
13
19
22
30
23
5
-10
-21
-15
-2
2
7
9
2
2
-8
-8
-8
-12
-2
-10
-14
-18
-9
9
14
30
37
33
15
8
-10
-20
-6
-4
5
12
16
16
13
14
15
11
19
25
37
37
40
39
40
46
36
27
17
7
8
11
9
22
31
38
33
20
8
6
7
5
4
0
4
-1
-7
4
17
27
35
34
34
32
15
7
6
14
14
13
11
12
20
26
19
-1
-8
-15
-10
-4
-1
10
23
28
20
-1
-3
-18
-20
-7
-3
2
4
19
35
52
65
62
48
39
28
20
21
31
38
33
18
9
3
-3
-14
-21
-26
-34
-36
-35
-21
-19
-17
-17
-15
-5
-5
-2
-9
-23
-21
-16
-12
-10
-16
-20
-34
-46
-54
-48
-41
-35
-23
-14
-10
-2
11
19
22
20
18
6
-3
-11
-12
5
23
44
48
49
51
41
31
12
5
1
6
17
29
39
32
15
6
-1
-4
-3
3
17
31
41
36
25
13
-3
-13
-8
-4
-11
-16
-22
-29
-26
-27
-29
-33
-40
-40
-44
-57
-61
-55
-52
-42
-27
-8
7
15
9
-11
-32
-59
-75
-68
-60
-37
-27
-31
-32
-42
-36
-34
-35
-37
-41
-36
-29
-25
-18
-12
-5
-4
-1
0
7
18
28
26
17
10
6
0
-4
-7
-23
-34
-36
-29
-19
-13
-8
-7
-9
-11
-21
-31
-21
-8
-1
-2
-4
1
0
-7
-13
-15
-15
-20
-21
-33
-42
-47
-50
-40
-37
-21
-18
2
10
16
24
19
15
3
-13
-23
-17
-15
-11
-9
-5
-3
-7
-7
-5
6
12
19
1
-13
-25
-31
-22
-20
-20
-23
-22
-31
-40
-39
-35
-21
-19
-29
-31
-31
-27
-20
-20
-23
-28
-24
-22
-25
-22
-27
-33
-15
-11
-16
-21
-11
-9
-14
-15
-29
-34
-32
-17
0
15
19
11
-8
-16
-21
-26
-26
-17
-19
-28
-28
-29
-19
-16
-11
-3
-1
-3
-4
-12
-16
-10
-3
6
10
4
-2
-10
-25
-35
-36
-26
-19
-9
-2
-2
-3
-2
5
4
-3
-14
-21
-31
-34
-47
-56
-59
-52
-54
-38
-25
-28
-34
-45
-47
-53
-42
-30
-17
-7
2
9
16
16
12
14
0
-10
-30
-45
-54
-50
-55
-48
-38
-48
-49
-42
-36
-39
-52
-57
-65
-57
-47
-59
-53
-39
-34
-24
-18
-20
-27
-31
-31
-24
-11
-14
-14
-17
-18
-24
-21
-12
1
-2
-9
-1
-6
-5
-11
-13
-5
-9
-5
-8
-4
-11
-21
-15
-16
-13
-8
6
9
15
20
19
7
-2
0
11
9
8
9
4
1
1
-1
-6
-14
-32
-43
-42
-32
-26
-6
-3
-11
-25
-23
-16
-9
2
9
10
-1
-13
-9
-10
-13
-16
-18
-20
-34
-43
-52
-48
-47
-38
-29
-22
-27
-33
-30
-17
-18
-22
-23
-21
-15
-17
-19
-21
-26
-34
-45
-49
-52
-42
-33
-22
-14
-12
-7
-5
-3
-11
-10
-10
-8
-10
-21
-18
-14
-17
-16
-15
-23
-34
-33
-22
-13
1
7
7
7
-1
-6
-12
-17
-25
-25
-26
-31
-30
-27
-30
-24
-4
7
8
6
-6
-16
-14
-3
12
19
25
26
22
25
31
32
35
42
41
43
40
28
17
5
5
-4
-9
-11
-3
-2
3
16
16
13
12
12
9
23
19
14
-7
-16
-22
-19
-14
-13
-8
-4
6
8
15
16
24
19
-6
-20
-32
-36
-31
-32
-31
-28
-22
-26
-31
-32
-31
-16
0
13
17
29
38
41
46
45
34
29
32
24
20
17
15
8
-5
-13
-23
-28
-29
-30
-23
-13
-6
-4
-10
-16
-24
-33
-29
-23
-14
-8
-1
11
18
20
13
10
-1
-1
-10
-4
-5
3
8
3
3
4
13
4
4
-5
-6
17
32
50
51
47
39
18
11
9
13
11
2
-8
-16
-12
-15
-21
-26
-36
-30
-24
-7
-2
-6
3
9
14
20
21
18
16
6
10
15
26
33
24
20
11
7
4
8
13
17
22
19
13
23
30
37
34
23
13
9
4
-3
-9
-22
-26
-33
-32
-27
-27
-27
-25
-20
-15
-9
-6
-7
5
13
15
8
3
-2
-8
-8
0
4
-6
-10
-8
0
6
8
8
5
-4
-11
-17
-23
-25
-25
-13
1
17
22
29
38
30
16
8
-4
-14
-13
-7
-12
-12
-16
-18
-21
-20
-13
-13
-28
-34
-23
-17
-13
-4
3
4
-4
1
-10
-10
3
8
18
-1
-9
-21
-19
-15
-8
3
9
15
17
27
35
33
28
17
12
3
4
13
20
28
31
26
24
21
10
-8
-29
-47
-49
-43
-32
-11
-2
-8
-13
-8
-13
-21
-24
-26
-7
0
3
11
15
16
7
9
9
-1
3
2
18
24
30
38
44
44
32
24
10
-1
-6
-9
-8
-2
-4
-2
-11
-10
-8
-8
-8
-9
-14
-18
-16
-12
-6
-8
-13
-8
-10
-11
-4
-4
-10
-30
-40
-39
-30
-25
-20
-19
-29
-34
-38
-34
-27
-22
-20
-16
-12
-12
-11
-21
-24
-15
-22
-14
-11
-7
-6
-7
-5
-1
-8
-18
-18
-15
-11
-4
6
14
16
16
10
7
4
6
3
6
12
2
-2
3
0
8
11
15
14
4
-5
-9
-1
-4
4
4
1
8
18
30
38
34
20
14
10
12
20
28
33
33
20
4
-2
11
28
41
35
24
15
13
15
13
12
13
10
3
-5
-9
-2
3
-1
-9
-12
-13
-16
-17
-19
-19
-17
-16
-4
10
14
21
20
24
25
13
12
9
5
-1
-6
-12
-15
-10
9
16
23
35
28
21
15
10
7
8
7
3
-5
-2
3
3
-3
0
7
8
5
-2
0
-3
0
-4
-8
-3
5
5
1
3
-6
-13
-15
-9
1
5
8
-7
-17
-38
-53
-46
-33
-13
3
20
9
19
17
9
12
13
21
25
30
14
17
18
20
8
-11
-28
-39
-32
-32
-20
-9
-4
0
-9
-13
-11
-11
-4
1
3
2
1
6
34
51
59
57
42
30
18
10
10
25
37
47
52
41
35
36
36
28
22
22
17
11
5
17
23
26
33
26
11
-2
-18
-9
1
9
12
6
11
18
18
17
16
7
-2
-11
-16
-8
2
12
10
11
5
-4
-3
-10
-6
-8
-11
-8
9
11
4
-4
-9
-9
-14
-8
1
22
23
21
22
22
21
20
23
14
12
19
18
28
33
35
38
29
24
27
26
19
11
7
6
-4
-8
-8
-1
3
-3
-12
-18
-13
-8
-4
-5
-1
1
7
8
13
10
11
-9
-18
-6
5
18
18
23
32
39
26
16
5
11
8
10
14
23
32
30
24
21
23
40
50
47
47
52
51
41
26
23
21
18
13
1
0
-12
-14
-20
-26
-26
-27
-19
-17
-2
11
14
16
17
15
14
14
14
29
32
22
1
-13
-16
-20
-15
-1
22
31
39
38
34
36
39
40
37
25
11
3
-4
-8
-2
11
26
38
41
43
43
42
38
40
38
43
39
40
40
38
41
32
31
13
1
3
4
6
15
20
29
33
25
20
5
1
-7
-15
-14
-6
-10
-3
4
-5
-5
-19
-29
-43
-43
-44
-37
-20
-9
3
11
13
16
7
6
7
2
9
10
-1
-17
-21
-26
-28
-17
-15
-10
-4
0
8
4
7
2
-3
-3
6
17
10
15
18
26
23
18
10
9
1
-11
-14
-25
-16
-11
4
10
15
19
16
10
2
-7
-12
-19
-22
-18
-15
-11
-8
-7
-3
1
-12
-26
-40
-48
-49
-51
-47
-41
-27
-36
-48
-43
-50
-50
-51
-48
-45
-46
-48
-45
-44
-34
-29
-12
-12
-28
-31
-37
-30
-29
-36
-42
-43
-40
-32
-36
-37
-37
-41
-45
-46
-44
-38
-45
-41
-37
-38
-40
-41
-42
-48
-53
-51
-47
-44
-36
-29
-30
-28
-14
-4
-5
-13
-25
-27
-20
-3
-7
-11
-4
-13
-3
1
11
9
5
-2
-12
-13
0
13
16
20
12
20
20
30
31
36
28
11
3
-1
9
21
30
21
18
8
6
20
25
24
16
17
23
23
24
24
17
11
1
-6
-11
-19
-21
-12
-5
2
8
12
13
20
23
29
40
49
45
37
16
9
16
21
13
5
4
2
-6
-14
-14
-15
-18
-19
-37
-49
-49
-45
-46
-35
-26
-12
-5
-2
7
16
18
17
17
12
19
18
22
17
15
15
21
30
33
23
14
6
-3
-1
-4
-2
-12
-18
-25
-22
-6
-2
3
0
0
-9
-21
-25
-17
-6
3
14
25
25
27
16
16
30
34
36
24
10
7
0
1
8
17
22
12
5
-5
-9
-2
2
-3
-11
-16
-24
-14
3
8
22
42
44
50
36
25
18
13
13
25
45
46
59
54
56
68
62
60
56
51
52
64
69
72
73
79
82
81
84
97
108
102
86
82
78
76
88
106
122
126
119
110
116
116
123
128
131
143
138
131
122
116
119
125
118
116
114
112
112
109
110
122
127
117
94
85
83
86
105
108
102
85
66
59
39
31
38
45
50
59
77
89
96
88
96
85
77
67
59
73
79
87
91
86
82
80
86
98
100
100
98
102
111
110
103
97
106
114
117
128
124
117
112
111
101
100
94
101
106
98
96
96
98
94
86
88
87
72
64
52
52
47
50
55
60
67
62
53
54
58
55
57
69
75
76
69
60
54
50
52
62
60
57
51
41
35
28
26
37
38
45
51
57
54
48
50
36
22
10
-7
-15
-12
-10
-12
-8
-9
-9
-15
-15
-3
-3
5
15
24
32
44
64
71
67
60
52
52
56
57
48
42
32
30
26
18
11
1
-3
-1
14
19
15
1
0
-18
-19
-13
-6
-8
-6
-6
-4
4
0
0
-10
-18
-24
-19
-21
-22
-24
-26
-31
-38
-34
-26
-9
-2
6
5
0
3
15
24
23
29
34
43
48
44
45
45
34
31
19
26
27
34
33
23
8
3
4
-1
-17
-25
-27
-24
-13
-15
-11
-12
-13
-16
-21
-17
-12
-7
0
10
21
21
23
20
17
8
7
-3
-3
7
-5
5
7
19
31
47
52
47
34
19
31
48
60
64
68
64
53
45
30
19
20
18
10
3
-4
-7
-3
6
31
45
48
58
68
82
78
65
68
72
67
74
85
86
84
78
75
71
80
95
96
102
89
83
67
62
61
58
66
54
49
49
46
40
33
30
27
21
29
27
31
34
44
56
63
55
49
44
39
48
42
49
38
24
12
1
-1
-7
-4
9
26
44
53
58
60
68
69
62
69
74
61
49
49
66
92
106
110
105
94
75
64
49
35
46
57
58
55
48
43
36
36
36
45
50
50
61
70
71
55
50
45
37
42
39
33
24
28
31
30
39
52
66
61
39
22
6
9
18
36
57
69
81
85
87
96
86
76
59
40
24
17
26
25
27
19
3
-10
-15
0
2
22
33
39
41
31
19
24
34
42
46
47
57
59
55
46
39
29
25
16
21
25
29
30
42
48
39
32
24
6
-9
-3
-4
9
15
24
24
22
27
21
20
5
2
3
10
19
38
37
29
13
-10
-12
-16
-14
-4
9
16
21
14
15
20
15
16
6
2
6
17
25
22
21
10
2
-8
-18
-31
-24
-17
-19
-16
-15
-4
5
10
20
23
22
31
26
28
30
26
16
3
-3
-14
-28
-29
-34
-24
-20
-16
-20
-20
-20
-22
-28
-39
-31
-23
-13
-3
-1
-8
-16
-20
-7
11
25
29
36
24
10
-5
-13
-18
-8
17
15
9
-2
8
25
42
26
12
7
15
18
16
34
41
55
58
51
57
47
44
34
37
48
42
43
37
43
57
63
71
69
67
64
56
54
59
62
59
58
59
66
77
85
79
73
59
39
40
24
21
25
32
38
37
47
46
56
54
61
67
69
64
59
67
70
69
57
45
38
36
36
36
44
53
58
56
54
62
68
81
87
80
85
96
93
95
102
98
95
81
65
59
56
55
50
39
30
5
-2
-8
-11
-1
13
30
34
39
42
53
66
65
71
79
81
86
88
84
88
90
86
79
82
85
90
88
76
63
47
39
49
68
76
82
65
55
33
23
25
32
39
48
59
52
44
24
20
18
25
34
37
38
37
39
30
20
25
29
35
40
40
31
23
29
31
36
52
49
50
46
45
43
51
45
34
29
25
24
17
16
0
-6
-11
0
16
24
31
22
18
11
1
-1
3
21
31
38
40
50
52
47
53
50
58
64
57
49
45
46
46
48
53
52
49
48
36
38
30
28
27
18
12
9
3
-9
-11
-13
-9
0
4
3
0
10
11
8
8
13
18
21
20
9
1
-11
-23
-13
6
10
14
-5
0
1
-14
-22
-30
-36
-41
-40
-33
-24
-17
-17
-19
-28
-29
-41
-58
-58
-54
-47
-45
-48
-57
-63
-68
-78
-85
-89
-91
-97
-112
-125
-122
-126
-116
-95
-82
-75
-71
-66
-76
-103
-139
-168
-176
-171
-157
-150
-150
-145
-146
-140
-142
-144
-147
-153
-159
-171
-173
-169
-164
-147
-151
-143
-154
-151
-149
-157
-150
-154
-155
-166
-159
-156
-150
-146
-134
-117
-119
-122
-130
-137
-147
-157
-151
-141
-136
-133
-131
-133
-142
-151
-154
-154
-160
-164
-167
-170
-166
-161
-157
-155
-165
-182
-191
-192
-203
-203
-202
-208
-201
-203
-191
-187
-181
-175
-185
-190
-189
-176
-163
-159
-165
-167
-159
-153
-141
-144
-150
-154
-178
-195
-221
-232
-236
-233
-214
-202
-190
-188
-187
-192
-203
-207
-210
-223
-229
-236
-241
-241
-237
-215
-197
-183
-181
-189
-208
-222
-237
-253
-260
-257
-256
-251
-252
-241
-243
-255
-261
-274
-275
-277
-275
-289
-300
-309
-305
-296
-303
-297
-299
-305
-308
-309
-308
-314
-314
-318
-318
-313
-305
-314
-314
-315
-318
-305
-298
-292
-291
-295
-309
-313
-312
-306
-291
-283
-277
-286
-277
-274
-274
-271
-283
-280
-283
-288
-292
-292
-284
-276
-269
-259
-263
-278
-289
-291
-287
-280
-268
-266
-260
-258
-256
-261
-263
-261
-256
-253
-251
-256
-253
-238
-219
-200
-188
-179
-187
-203
-226
-248
-249
-240
-236
-229
-228
-228
-235
-230
-221
-211
-210
-215
-218
-219
-213
-212
-207
-219
-232
-244
-264
-274
-276
-275
-272
-252
-239
-235
-232
-226
-226
-222
-217
-209
-203
-199
-215
-224
-226
-221
-209
-214
-215
-225
-227
-218
-224
-220
-220
-214
-208
-196
-180
-174
-164
-162
-162
-164
-164
-174
-187
-200
-202
-203
-196
-193
-198
-204
-209
-215
-206
-195
-185
-172
-166
-155
-144
-139
-135
-137
-151
-151
-156
-157
-167
-172
-164
-168
-152
-149
-148
-149
-159
-172
-174
-170
-162
-153
-155
-144
-148
-139
-129
-139
-135
-139
-149
-147
-143
-149
-151
-152
-144
-142
-131
-118
-108
-102
-101
-108
-126
-143
-139
-149
-149
-156
-157
-139
-121
-83
-71
-63
-68
-68
-71
-65
-65
-78
-82
-92
-102
-104
-106
-114
-112
-117
-126
-135
-147
-152
-146
-145
-139
-135
-128
-102
-82
-71
-73
-83
-91
-96
-92
-91
-83
-89
-95
-94
-78
-64
-60
-63
-67
-68
-73
-65
-61
-66
-61
-52
-45
-34
-33
-30
-29
-19
-15
-22
-38
-50
-60
-54
-44
-43
-33
-26
-28
-16
-12
-16
-10
-8
-12
-19
-17
-19
-5
-1
6
9
-2
8
9
23
27
22
20
14
23
33
58
60
69
67
67
72
76
85
89
96
88
100
97
95
84
75
83
83
83
74
70
78
90
87
97
96
100
118
128
158
166
159
151
156
158
160
166
149
141
141
145
145
159
158
162
167
165
163
155
149
147
151
159
164
176
187
173
167
158
146
139
134
129
123
117
111
111
114
122
123
124
127
125
122
119
111
111
114
113
125
133
138
143
139
134
125
111
109
109
116
127
139
148
151
151
160
170
162
151
132
121
118
118
136
150
158
166
174
177
172
143
124
113
112
124
120
124
127
125
132
146
155
154
160
152
161
172
174
180
193
214
238
254
271
284
287
289
290
304
315
338
359
370
368
369
375
379
369
369
376
379
396
400
408
423
435
454
469
477
483
485
486
483
492
506
510
512
519
529
550
563
577
587
583
577
570
554
522
506
500
525
551
584
599
605
611
592
572
560
547
546
543
536
541
536
543
551
556
556
540
521
514
501
488
484
494
517
515
521
494
473
464
452
444
432
425
418
418
414
421
413
417
418
413
412
415
404
388
375
364
375
356
353
344
346
362
382
389
391
384
370
353
340
336
334
326
304
290
273
265
253
239
215
188
164
160
168
196
218
246
271
284
307
314
318
311
320
315
332
351
372
388
412
442
459
468
462
434
407
386
361
370
386
409
442
490
541
580
591
590
557
505
452
403
351
317
301
313
332
364
395
405
425
453
508
576
651
717
783
826
824
737
554
324
73
-163
-355
-513
-602
-622
-584
-471
-310
-141
5
119
208
284
350
377
367
334
302
286
281
256
166
22
-164
-352
-522
-678
-822
-924
-966
-923
-787
-606
-429
-301
-178
-79
6
81
104
80
33
-15
-25
-14
-11
-20
-61
-102
-110
-115
-109
-116
-114
-82
3
143
288
390
444
467
463
469
397
268
96
-83
-220
-271
-269
-231
-179
-84
84
319
580
821
1028
1201
1358
1482
1538
1432
1095
653
194
-232
-612
-991
-1310
-1519
-1590
-1441
-1150
-804
-450
-132
191
540
870
1130
1266
1304
1319
1312
1301
1213
990
644
211
-233
-645
-1052
-1450
-1824
-2073
-2135
-1997
-1728
-1376
-987
-604
-184
225
565
770
822
787
723
644
531
336
50
-304
-669
-1006
-1319
-1656
-2013
-2314
-2501
-2528
-2401
-2162
-1873
-1529
-1129
-685
-246
110
325
398
370
279
121
-117
-450
-825
-1182
-1507
-1738
-1969
-2154
-2275
-2341
-2312
-2203
-2040
-1848
-1639
-1404
-1130
-843
-566
-340
-165
-16
107
199
209
128
-13
-196
-396
-611
-824
-1066
-1290
-1439
-1498
-1428
-1270
-1050
-770
-449
-81
286
612
892
1084
1224
1336
1423
1480
1501
1471
1429
1360
1271
1191
1052
878
690
493
359
270
237
305
409
571
779
1008
1239
1416
1518
1587
1615
1638
1670
1724
1819
1949
2101
2250
2337
2302
2102
1714
1157
454
-334
-1139
-1858
-2381
-2643
-2641
-2367
-1890
-1259
-571
79
658
1078
1325
1418
1408
1342
1249
1121
986
821
576
229
-274
-945
-1775
-2730
-3669
-4453
-5007
-5211
-5032
-4449
-3486
-2293
-1010
196
1169
1840
2151
2123
1812
1295
693
133
-306
-531
-594
-554
-466
-423
-412
-459
-624
-850
-1054
-1170
-1028
-600
114
973
1830
2623
3261
3675
3764
3473
2884
2108
1341
811
594
701
1057
1595
2241
2891
3344
3456
2896
1772
435
-929
-2090
-3040
-3651
-3731
-3333
-2441
-1092
283
1436
2150
2444
2544
2434
2138
1756
1305
1077
1168
1499
1969
2232
2124
1655
858
-115
-1207
-2471
-3661
-4527
-4796
-4292
-3230
-1841
-338
1043
2260
3172
3658
3637
3015
2025
1007
201
-291
-591
-770
-791
-736
-621
-552
-723
-1188
-1888
-2584
-3029
-3141
-2922
-2463
-1905
-1163
-293
523
991
912
389
-442
-1407
-2319
-3070
-3615
-3905
-3904
-3414
-2570
-1626
-789
-243
75
221
202
86
-174
-506
-754
-862
-744
-438
-192
-48
-23
-24
51
63
24
-41
-130
-45
268
696
1190
1524
1762
1949
2087
2227
2190
1863
1449
988
565
300
-26
-259
-433
-370
188
1047
2145
3377
4544
5613
6463
6970
6981
5909
3917
1626
-803
-3104
-5170
-6748
-7601
-7845
-7200
-5574
-3619
-1758
-232
896
1835
2509
2914
3084
2929
2878
3071
3390
3858
4012
3536
2467
917
-798
-2693
-4814
-6754
-8266
-8940
-8534
-7311
-5536
-3593
-1891
-411
629
1154
1091
208
-1003
-2097
-2772
-2905
-2684
-2191
-1560
-1024
-488
-193
-429
-1205
-2481
-3763
-4649
-5031
-4780
-4081
-2964
-1367
376
2115
3557
4270
4301
3762
3037
2348
1617
1210
1205
1452
2165
3176
4099
4633
4484
3959
3086
1843
714
-294
-931
-766
134
1733
3818
5949
7798
8872
9246
8954
7180
4254
1153
-2084
-5112
-7465
-8552
-8533
-8084
-6690
-4292
-1997
-113
1379
2320
2647
2486
2453
2583
2529
2853
3646
4464
5285
5793
5633
4528
2496
109
-2550
-5433
-7850
-9497
-10216
-9683
-8023
-5477
-2584
201
2734
4590
5715
6201
5745
4592
3316
2107
1034
160
-343
-738
-1593
-2648
-3641
-5043
-6889
-8670
-10185
-11385
-11827
-11003
-9126
-6756
-3867
-680
2136
4318
5795
6314
5633
4000
2049
12
-1949
-3310
-3995
-4260
-3996
-3209
-2210
-1324
-603
-152
-142
-294
-65
518
1254
2309
3813
5415
6725
7869
8709
8599
7516
6001
4338
2699
1631
1214
1132
1635
3058
4844
6220
7198
7558
5966
2741
-251
-2866
-6260
-9600
-11029
-10820
-10005
-7775
-3614
408
2943
4980
7006
7935
7459
6482
5267
3503
2192
2176
2647
2903
3071
2832
1851
373
-1306
-3641
-6796
-9663
-11294
-11577
-10446
-8052
-4952
-1534
2010
5377
7951
9371
9514
7927
5252
2929
997
-1272
-3544
-4959
-5750
-6849
-7729
-7723
-8152
-10058
-11852
-12093
-11515
-10873
-9254
-6226
-2972
124
3576
6870
8803
8719
7246
5315
2799
-260
-3073
-5171
-6413
-6746
-6025
-4201
-2083
-409
782
1557
2019
2113
2005
1964
2082
2721
4026
5544
7249
8830
9664
9681
8885
7577
6252
4937
3635
2592
2447
3491
4638
5579
6982
7811
5989
2663
139
-2283
-6699
-11102
-12692
-12756
-12738
-10653
-5813
-988
1944
4726
8226
10188
9784
8769
7398
5167
3174
2461
2439
2232
2001
1767
1065
22
-1276
-3618
-6990
-10071
-11770
-12182
-11458
-9282
-6022
-2414
1689
5975
9377
11356
11646
10033
7198
4307
1584
-1568
-4885
-7171
-8342
-9273
-9639
-9059
-8961
-10169
-11126
-10574
-9517
-8740
-7352
-4899
-2029
812
3910
6983
8608
8104
6610
4818
2274
-996
-4117
-6379
-7674
-8079
-7174
-4875
-2295
-388
1234
2847
3921
4180
4104
4050
4129
4375
5025
6294
7809
8861
9469
9564
8900
7787
6891
6045
4961
3941
3878
4655
5583
6630
7873
7197
3931
674
-1510
-4884
-9727
-13170
-14391
-14843
-13936
-9917
-4392
-298
2605
6323
9930
11355
10954
9797
7417
4612
2979
2432
1809
1027
311
-408
-1218
-1874
-3101
-5903
-9424
-11675
-12264
-11837
-10314
-7491
-4079
-267
4282
8761
11856
13009
12035
9371
6144
2936
-616
-4865
-8774
-11166
-12415
-13000
-12605
-11851
-11973
-12545
-11819
-9791
-7912
-6425
-4377
-1681
1137
4066
7018
8819
8494
6903
5048
2690
-366
-3626
-6452
-8306
-9079
-8528
-6574
-3995
-1697
236
2056
3732
4687
4947
4970
5114
5348
5742
6618
7952
9098
9886
10219
9828
9160
8670
8003
7050
6039
5659
5710
5781
6588
7974
7052
3017
-755
-2918
-6222
-11407
-14987
-16242
-17074
-16628
-12480
-6322
-1694
1415
5588
10004
12261
12614
12034
9846
6934
4996
4126
3064
1738
539
-808
-2257
-3127
-4233
-6982
-10629
-13001
-13368
-12691
-11083
-8166
-4561
-596
4123
8925
12662
14415
13774
11245
8171
5033
1199
-3602
-8073
-11194
-13172
-14235
-14393
-14196
-14327
-14578
-13487
-10850
-8299
-6352
-3915
-796
2263
5296
8078
9429
8748
7049
5059
2701
-442
-4179
-7226
-8808
-9283
-8544
-6425
-3754
-1397
830
3117
5238
6321
6233
5986
6254
6405
6517
7181
8041
8681
9476
10288
10554
10247
9795
9419
9116
8721
8509
8350
7870
8000
9130
8493
4069
-532
-3314
-6798
-12117
-15855
-16937
-17652
-17892
-14251
-7537
-2133
1197
5413
10201
12858
13402
13559
12217
9052
6394
5151
3926
2188
429
-1463
-3495
-5104
-6398
-8812
-12225
-14739
-15321
-14535
-12690
-9419
-5149
-822
4043
9272
13456
15759
15864
13501
10012
6500
2241
-2936
-7950
-11883
-14655
-16013
-16348
-16269
-15904
-15553
-14465
-11644
-8455
-6041
-3243
99
2933
5818
8617
9920
9349
7487
4968
2332
-760
-4766
-8178
-9919
-10638
-10203
-8137
-5193
-2382
340
2947
5451
7125
7282
6892
6931
6822
6274
6347
6900
7427
8050
8895
9630
9616
9072
8929
9260
9466
9251
9391
9471
9649
10724
12126
9917
4044
-768
-3831
-8505
-14707
-18512
-19993
-21162
-20370
-14853
-7347
-2060
1591
6674
11989
14602
15136
15047
12851
9424
7161
6243
4989
3144
1080
-986
-2796
-4229
-6159
-9587
-13700
-16447
-16934
-15936
-13758
-10006
-5571
-732
5105
10771
14885
16794
15889
12477
8629
4725
-188
-5612
-10514
-14162
-15935
-16170
-16063
-15410
-14647
-14600
-13458
-10673
-8327
-6548
-3896
-918
1932
5189
7865
9052
8600
6562
3925
1534
-1975
-6360
-9374
-10920
-11419
-10149
-7508
-4345
-1148
1846
4473
6920
8129
7802
7189
6914
6508
6191
6371
6884
7979
9212
10294
11190
11275
10714
10674
10913
10993
10812
10731
10192
10112
11442
12656
9176
2518
-2501
-5699
-11017
-17333
-20627
-21764
-23079
-21534
-14694
-6557
-1477
2360
8010
13363
15574
16202
16089
13584
9938
7775
7066
5653
3303
867
-1481
-3764
-5527
-7751
-11497
-15711
-18013
-17984
-16422
-13349
-8902
-4383
897
7319
13069
16929
18582
17087
13214
9026
4563
-824
-6617
-12236
-16357
-18001
-18245
-18123
-17012
-16057
-15748
-13535
-10043
-7564
-5321
-2385
274
3236
6430
8637
9412
8358
5635
3104
730
-3149
-7670
-10710
-12416
-12643
-11043
-8227
-4840
-1558
1292
4535
7700
8877
8619
8127
7526
7148
7082
7048
7528
8416
9240
10476
12271
12870
11876
10826
10815
11048
10839
10168
9828
9540
9554
11149
11351
6258
-352
-4277
-8271
-14530
-19359
-21183
-22479
-23147
-19161
-10701
-3149
1269
6040
12201
15940
16736
17217
16147
12103
7991
6182
5258
3406
987
-1123
-3143
-5131
-6703
-9019
-12729
-16278
-17778
-17233
-15052
-11250
-6675
-1850
4005
10048
14842
18055
18618
15586
10954
6277
1183
-4298
-9689
-14396
-17242
-17815
-17343
-16001
-14372
-13899
-13368
-11032
-8558
-6835
-4708
-2361
25
3075
6144
8403
9055
7465
4725
2418
-410
-4588
-8800
-11719
-13114
-12659
-10450
-7084
-3374
-172
2937
6557
9155
9672
9093
8191
7316
7001
7075
7164
7411
8155
9668
11740
13143
12914
11922
11462
11666
11989
12283
12284
11404
10425
11741
14487
12636
5123
-1518
-5498
-10984
-17986
-22198
-24000
-25988
-25957
-19497
-9471
-2217
2059
7832
14367
17795
18825
19288
17107
12395
8830
7731
6583
4101
1179
-1483
-4089
-6042
-7870
-11408
-16213
-19740
-20588
-19238
-16290
-12108
-7206
-1488
5235
11922
17002
19680
19507
16571
12019
7173
1942
-4258
-10393
-15031
-17700
-18721
-18757
-18296
-17566
-17078
-16017
-13417
-10792
-9096
-6458
-2628
844
4128
7599
9785
9705
7875
5062
2046
-1684
-6804
-11549
-14237
-15531
-15218
-12601
-8816
-5196
-1557
2409
6392
8836
9158
8585
8019
7041
6386
6772
7150
7071
7567
9230
11463
12991
12590
11266
10675
10864
11252
11774
12158
12237
11541
11749
14430
16125
10649
1811
-3665
-7445
-14335
-21151
-24261
-25820
-27278
-24567
-15441
-5563
-344
3530
10108
16005
18085
18619
18005
14622
10483
8646
8327
6866
4078
1273
-1125
-3481
-5559
-8400
-13281
-18399
-20844
-20537
-18586
-15058
-10516
-5271
1469
8832
14922
18994
20550
19093
15697
11714
6875
919
-5485
-10919
-14399
-16267
-17762
-18425
-17997
-18062
-18338
-16792
-14142
-12193
-10019
-6229
-1477
3135
7093
10303
12184
11700
9281
6307
2623
-2573
-8136
-12462
-14714
-15170
-14346
-11930
-7980
-4041
-417
3786
7396
8563
8396
8226
7944
7414
7377
7815
8315
8831
9545
11279
13364
13903
12539
11526
11521
11610
11911
12786
13251
12888
12481
13321
15472
15912
9926
1341
-4052
-7774
-14435
-20818
-23712
-24969
-25740
-22193
-13311
-4483
429
4359
10528
16211
18451
18582
17605
14756
11207
9433
9162
7695
4370
1129
-1136
-3512
-6059
-9363
-14277
-19131
-21185
-20375
-17874
-14257
-9833
-4444
2405
9699
15894
19714
20676
19061
15979
12120
7646
1879
-4682
-10017
-13722
-15887
-16539
-16920
-18487
-19720
-19868
-18786
-16229
-13920
-12512
-8909
-3028
2132
7108
11917
13598
12536
10995
8509
4473
-1041
-7603
-12705
-15177
-16366
-15796
-12810
-9319
-5878
-1524
3217
6949
8692
8442
8016
8269
7977
7459
7714
8305
8806
9927
11472
13336
14754
14161
12357
11563
11304
10320
9811
9560
8938
9129
9775
10385
12443
13107
7152
-566
-4042
-7260
-14268
-20549
-23110
-24000
-23907
-20017
-11511
-3244
958
4898
11622
16817
17579
16534
14907
11795
8486
6900
6261
4375
1488
-455
-1677
-3431
-5667
-8786
-13459
-17579
-18934
-18217
-16419
-13400
-9125
-3646
3355
10523
15852
19134
20216
18331
14628
10994
5817
-1238
-7599
-12341
-15837
-17244
-17782
-18576
-18282
-17582
-17366
-15218
-11869
-10310
-8658
-4560
-83
3841
7594
10128
10919
10055
7719
4942
1536
-3740
-9130
-12526
-14254
-14690
-13519
-10766
-6763
-2735
932
5010
8485
9496
9270
9284
8808
7746
7208
7273
7548
8110
9065
10828
13268
14734
14481
13812
13449
13030
12706
12692
11754
10752
10146
10440
12276
14648
11303
3133
-2494
-5169
-10829
-18343
-22907
-25048
-26369
-24522
-16919
-7316
-1168
2819
9421
16693
19966
19797
18247
14915
10689
7787
6561
4759
1601
-1311
-2648
-3832
-5355
-7654
-11731
-16700
-19349
-19404
-18146
-15866
-12316
-7477
-707
7218
14040
18617
20788
20264
17473
13689
8434
1085
-6792
-13192
-17822
-20036
-20509
-21279
-21786
-20395
-18593
-16371
-12781
-9995
-8674
-5507
-708
3531
7277
9930
10507
10015
8540
5872
2523
-2501
-8651
-12746
-14494
-15433
-14993
-12795
-9285
-4805
-135
4357
8522
10319
10131
10184
10302
9219
7836
6560
6090
6793
7840
9197
11424
13070
13302
13417
13563
12997
11701
10420
9613
8920
8571
8874
9699
11295
13170
10786
4309
-416
-3886
-10783
-18465
-22546
-24576
-25557
-23567
-16867
-8167
-1496
3359
9972
16066
18025
17276
16107
13406
9559
6607
5143
3840
1868
333
-316
-1530
-3563
-6030
-9829
-14095
-16807
-17942
-17709
-15361
-11366
-6138
579
7816
13841
18104
20344
19872
16721
11990
6107
-906
-7546
-12819
-16729
-18386
-18120
-18097
-17737
-16209
-15321
-14277
-11758
-10287
-9633
-6644
-2569
985
5017
8345
9758
10037
8939
6356
3250
-1266
-6697
-10803
-13174
-14311
-13568
-11247
-7520
-2993
1147
5120
8820
10249
9832
9388
8561
7008
5741
5135
5274
6062
7182
9053
11609
13952
14669
14033
13086
12939
12058
11216
10491
9448
8257
8692
10959
14411
14030
6671
-168
-2983
-8208
-16909
-22347
-25267
-27708
-27059
-20367
-10496
-2733
1657
7602
15201
19345
19506
18491
15674
11296
7706
6281
5429
3271
471
-652
-1173
-2423
-4722
-8649
-13914
-17738
-19156
-18622
-16829
-14132
-9844
-3074
5204
12939
18338
21358
21673
19101
16107
13184
5460
-5160
-12146
-16947
-20159
-20483
-21560
-23445
-21467
-19951
-18300
-12644
-9488
-10811
-7369
-1406
2251
6838
10097
9817
10254
9797
6833
4641
349
-7241
-11952
-13660
-15187
-15110
-14051
-12064
-7290
-1955
2622
7395
9502
8648
8728
9486
8716
7445
5878
4708
5067
6630
8470
10846
12450
12662
12581
12967
13297
12562
11505
10575
9723
9270
9808
11260
14087
15197
9869
2635
-974
-5520
-14219
-21483
-25186
-27802
-28326
-24123
-15593
-7230
-1502
4401
12222
17699
19101
18838
17475
14189
10468
8113
6778
4795
2129
480
-429
-2104
-4578
-7996
-12922
-17372
-19718
-20301
-19102
-16363
-12653
-6761
1360
9214
15698
20419
22002
21254
18937
15406
10480
3159
-6911
-14322
-17609
-19735
-21334
-22418
-23576
-23327
-21198
-18226
-13878
-11177
-10472
-6627
148
5064
8915
12015
12157
11045
9922
7476
3583
-2039
-8801
-13156
-14595
-15555
-15526
-13567
-10577
-6650
-1411
3879
7517
8614
8550
8983
9774
9388
7971
7079
6844
6932
8281
11075
13003
13209
12472
12330
13245
13425
12300
11118
10245
9190
9255
10583
13252
15084
11195
3664
-413
-3499
-11349
-19476
-23929
-26777
-28255
-25597
-18191
-9522
-3692
1273
9108
16060
18238
17907
17121
14652
11077
8565
7444
5573
2534
535
-74
-1251
-3723
-7406
-12130
-16367
-19123
-20160
-19290
-17051
-13758
-8177
-235
7698
13915
18409
21068
20959
19049
16469
11421
3417
-4353
-10518
-15012
-17099
-18652
-20818
-21326
-20869
-20750
-18465
-14990
-14068
-12664
-7852
-2305
2642
7465
10671
12205
12638
11432
9059
5468
-521
-6810
-10702
-13122
-15053
-15606
-14271
-11119
-6797
-2224
2404
5934
7137
7709
9002
9511
8717
7621
6830
7147
8413
9776
11429
13140
13638
13524
13920
14321
13669
12105
10895
10530
10079
9723
10122
11538
14130
13730
7034
597
-2573
-9067
-18043
-22987
-25671
-28149
-27419
-21756
-12997
-4965
469
6785
14092
17941
18376
18202
16505
12887
9248
7043
5798
3699
1098
-329
-1659
-4017
-6794
-10705
-15307
-18541
-20365
-20445
-18006
-14343
-9610
-2609
5207
12012
17547
21093
22092
20662
17523
13344
7156
-1042
-8169
-13057
-16454
-18064
-19338
-20876
-20723
-20302
-20133
-17311
-14515
-14175
-11390
-5612
-837
4007
9059
11681
12683
12613
10658
7809
3457
-3054
-8744
-12239
-14984
-16488
-15833
-13364
-9778
-5512
-852
3655
6414
7336
8107
9041
9093
8188
7609
7682
8142
9199
11065
12875
13813
13495
12977
13463
13711
12755
11976
11205
9950
9734
9926
10699
13482
13079
5517
-1188
-3652
-8763
-17208
-22725
-25260
-26912
-26453
-21137
-12158
-4707
-272
5904
13757
18058
18309
17859
16790
13836
10412
8727
7659
4782
1495
3
-1198
-3720
-7216
-11657
-16132
-19141
-20717
-20358
-17740
-14600
-10511
-3287
5214
11875
16846
20311
21550
20623
18312
14783
9254
1260
-6784
-12477
-15905
-18137
-20965
-23673
-23822
-23164
-22657
-19106
-15261
-14041
-10578
-3852
1717
6725
11103
12833
13418
13054
10388
7129
2588
-4352
-10025
-12769
-14798
-16129
-15578
-13044
-9223
-4975
-163
4626
7177
7898
8877
10060
10372
9549
8316
7962
8362
9204
10683
12353
13249
12856
12291
13336
14141
13029
12382
11657
9491
8709
9334
9930
12318
11874
4887
-685
-2713
-8486
-16320
-21187
-24889
-27446
-26581
-21385
-13117
-5931
-969
5958
13726
17828
18734
18622
17268
14118
10331
8230
6906
3748
663
-376
-1477
-3786
-6869
-11079
-15253
-18272
-20128
-19948
-17677
-14620
-10186
-3220
4901
11758
16716
20290
21687
20604
18499
15033
8986
1832
-5236
-11559
-15243
-17405
-20146
-21770
-22011
-22730
-22157
-19427
-17292
-15516
-11973
-7021
-1547
3906
8462
11791
13349
12942
11400
8721
4061
-1927
-7355
-11172
-13892
-15714
-15568
-13331
-10363
-6758
-2023
2559
5275
6560
7786
8965
9198
8767
8540
8468
8750
9613
10943
12796
14132
13390
12810
13824
13675
12574
12733
11705
9105
8525
8664
9262
12224
12086
5007
-731
-3019
-8333
-15854
-20943
-24623
-27025
-26266
-21187
-12948
-5715
-1046
4933
12491
16974
17419
16862
15857
13000
9622
8247
7349
4533
1545
248
-740
-2701
-6021
-10580
-14919
-17910
-19594
-19304
-17009
-14024
-10065
-3517
4614
11361
16024
19476
20820
19811
18062
15034
9340
2487
-4064
-10059
-13744
-15657
-18420
-20843
-21351
-22026
-22000
-19412
-16861
-15212
-11376
-5615
-155
5266
10114
12983
14044
13668
11664
8388
3541
-2666
-8192
-11580
-13947
-15719
-15496
-13033
-9865
-6191
-1412
2938
5292
6535
7969
9268
9714
9239
8903
9007
9320
10189
11361
12376
13309
13115
12134
12564
12664
11379
11401
11048
8728
8411
9334
10072
13099
13241
5899
-187
-2821
-8844
-16497
-21336
-25106
-27455
-26364
-20828
-12324
-5417
-801
5401
12321
16262
17011
16404
15107
12311
9161
8169
7533
4670
1945
867
-394
-2556
-6055
-10776
-15265
-18664
-20612
-20061
-17769
-14822
-10500
-3669
4553
11372
15976
19220
20395
19277
17283
13943
8270
1443
-5266
-10589
-13484
-15469
-17999
-19795
-20632
-21643
-21415
-19102
-16967
-15434
-11856
-6166
-406
5096
9907
12731
13726
13397
11434
8148
3412
-2774
-8224
-11490
-13782
-15357
-15077
-12893
-9808
-5978
-1226
3017
5239
6480
8130
9635
10181
9668
9037
9025
9252
9683
10762
11787
12063
11680
11634
12725
13283
12636
12531
11854
10080
9722
9856
10243
12737
11517
3824
-1380
-3797
-10293
-17498
-21373
-24342
-25982
-24423
-18686
-10255
-3937
333
6717
13471
16762
17132
16819
15930
13170
10129
9349
8213
4624
1708
417
-1228
-3761
-7656
-12299
-15965
-18804
-20295
-19170
-16656
-13714
-9003
-1922
5829
11711
15710
18772
19558
18197
16151
12038
5666
-687
-6944
-12091
-14509
-16439
-18829
-19794
-20403
-21374
-20451
-17968
-16223
-14413
-10237
-4594
613
5743
10372
12692
13205
12519
10027
6330
1357
-4872
-9684
-12233
-14312
-15270
-13882
-10966
-7531
-3595
873
4618
6231
7088
8455
9357
9422
8953
8346
8511
9003
9382
10539
11998
12484
12232
12623
13788
14334
13952
14296
13548
11581
10948
11013
11889
13988
10048
1485
-2272
-5636
-13423
-19244
-22543
-26150
-27260
-24400
-17278
-9088
-3927
994
8506
14477
16991
17570
17228
15614
12445
10075
9710
7495
3194
703
-716
-2856
-5693
-10088
-14759
-18136
-20843
-21368
-19021
-16268
-13007
-7192
680
8303
13899
17866
20230
20022
18285
15431
10308
3979
-2570
-9082
-13120
-15039
-17622
-19918
-20724
-21530
-21728
-19733
-17206
-15628
-13021
-7922
-2170
3052
7797
11232
12848
13052
11588
8773
4740
-974
-6750
-10388
-12532
-14089
-14159
-12293
-9133
-5446
-1132
3199
5977
6885
7770
8947
9644
9379
8526
8056
8512
9100
9877
11265
12447
12327
11729
12396
13140
12542
12591
13119
11938
11449
11825
11898
14106
14584
7478
702
-2151
-8435
-16401
-20913
-24446
-27091
-26708
-22131
-13831
-6654
-1873
4328
11384
15757
16973
16927
16632
14375
11076
10201
9854
6726
3467
1943
320
-2245
-6222
-11145
-15395
-19059
-21381
-20682
-18305
-15530
-11230
-4571
3417
10218
14822
18118
19336
18024
15604
11744
6263
472
-5597
-10916
-13328
-15092
-18176
-19902
-19924
-20587
-20284
-17816
-15786
-13984
-10052
-4699
629
5537
9058
11331
12684
12053
9550
6478
2037
-3627
-8096
-10697
-12539
-13537
-12853
-10374
-7086
-3724
-8
3412
5269
6187
7623
8786
8805
8395
8207
8579
9360
10022
11116
12702
13421
13066
13334
14141
13689
12812
13063
12594
11137
10715
10935
12077
13502
9388
1777
-1628
-5916
-14202
-19426
-22492
-26202
-27058
-23745
-16675
-8931
-3661
1927
9047
14210
16262
16638
16295
14562
11207
9188
9321
7530
4001
2310
1136
-1187
-4443
-8927
-13326
-17417
-20940
-21473
-19514
-17180
-13670
-7853
-238
7069
12396
16550
19227
18693
16230
13205
8402
2441
-3419
-8785
-11997
-13705
-16148
-17783
-18035
-18767
-19071
-17698
-16035
-14708
-12431
-8143
-2887
1770
5843
9118
10864
11016
9783
7375
3666
-1496
-6533
-9798
-11699
-12814
-12517
-10252
-6993
-3879
-356
3376
5328
6139
7221
7889
8055
7807
7246
7744
8764
9443
11009
13043
14140
14117
13997
14953
15484
14236
13641
12912
11004
10608
10746
11572
12997
7825
331
-1778
-6653
-14898
-19660
-23539
-26570
-26697
-23452
-15583
-8222
-3679
2834
10496
15290
17077
17075
16459
14507
10884
9189
9020
5982
2594
1432
62
-1990
-5553
-10323
-13975
-17726
-20852
-20518
-18664
-16713
-12865
-6374
1555
8439
13213
17245
19707
19101
16898
13454
8051
1817
-4672
-10049
-12692
-14968
-18036
-19254
-19165
-19618
-19088
-17245
-15626
-14059
-11189
-6451
-1333
3027
6861
9735
11284
11260
9744
7354
3260
-2305
-6893
-9743
-11681
-12753
-11990
-9316
-5961
-2472
1412
4850
6698
7569
8378
8809
8706
7954
7459
8043
8610
9276
11052
12739
13284
13335
13786
14786
14958
14411
14150
12634
11159
11154
11075
12828
11122
2421
-1740
-4150
-12351
-18095
-21845
-26284
-27645
-26449
-20412
-11945
-6850
-1468
6243
12880
16658
17759
17998
17425
14219
11346
11333
9365
5234
3174
1547
-468
-3300
-8171
-12387
-16163
-20273
-21465
-20077
-18561
-15850
-10591
-3168
4407
9986
14706
18599
19334
18482
16362
11628
6137
107
-6182
-10290
-12835
-16079
-18859
-19521
-20360
-21315
-19801
-17992
-16877
-14104
-9578
-4511
464
5015
8613
11085
11934
10843
8988
5967
845
-4401
-8130
-10697
-12697
-13280
-11611
-8649
-5402
-1759
2303
5283
6660
7822
9022
9556
9098
8720
9308
9843
10506
11742
13142
14344
14329
13902
14594
15131
13985
13226
12902
10652
9701
10408
11021
12205
6779
-813
-2579
-8188
-15907
-19571
-24041
-26857
-26991
-23736
-15484
-9113
-4647
2333
9474
14490
16994
17567
17705
16219
12799
11706
11419
7729
4514
2806
739
-1481
-5844
-10595
-14247
-18825
-21741
-21177
-19829
-18096
-14186
-7795
14
6612
11478
16246
18655
18525
17546
14185
9480
3795
-2855
-7355
-10276
-13720
-16988
-18480
-19222
-20607
-20220
-18451
-17370
-15292
-11412
-6475
-1415
3107
7076
10220
12079
11924
10361
7966
3707
-1596
-5886
-8866
-11414
-12918
-12386
-10183
-7211
-4108
-358
3106
5016
6635
7786
8364
8658
8058
8043
8734
9374
10251
11867
13754
14000
14068
15015
15470
15351
14649
14140
12240
10254
10993
11406
12238
8603
301
-1959
-6252
-14797
-18443
-22831
-26871
-27196
-24787
-17228
-10411
-6128
656
8150
13681
16915
18103
18251
17155
14231
12798
12764
9270
5501
3739
1511
-805
-4834
-9632
-13510
-18205
-21283
-21058
-19922
-18325
-14909
-9093
-1570
5390
10543
15335
18233
18470
18228
15575
11016
5995
-721
-6088
-9330
-12977
-16593
-18976
-20298
-21740
-21778
-20085
-19228
-17630
-13762
-9154
-3972
1152
5152
8486
10869
11174
10279
8594
4629
-652
-4866
-7959
-10687
-12502
-12536
-11017
-8352
-5039
-1359
2220
4445
6009
7662
8618
8739
8259
8183
8336
8821
10333
11362
12589
13727
13490
14201
15278
15172
14984
14338
12669
11678
11909
11707
12929
11283
3181
-846
-3812
-11870
-16985
-21416
-25753
-26504
-25663
-19794
-12405
-7818
-1703
5224
11326
15654
16780
17316
17472
15016
12984
12999
10661
7067
4886
2660
825
-2699
-7937
-11866
-16250
-20198
-21366
-21023
-19657
-16961
-12201
-5195
1874
7401
12529
16358
17552
17683
15750
11938
7797
1787
-4042
-7692
-10978
-14524
-17470
-18744
-20010
-21139
-19926
-18619
-17399
-14261
-10328
-5782
-776
3363
6777
9620
10693
10005
8537
5711
1260
-3225
-6496
-9054
-11098
-11488
-10234
-7894
-4837
-1398
2102
4637
6204
7407
8526
9037
8506
8393
8500
8985
10422
11590
13353
14286
13823
14845
16010
16062
15788
15001
13232
11989
12209
12672
13818
9692
1519
-818
-5635
-13970
-17874
-22930
-27089
-27794
-25675
-18367
-12272
-7999
-1179
5821
11774
15513
16745
17650
17283
14843
14325
14550
11031
7501
5550
3522
1434
-3118
-8249
-12506
-17802
-21216
-21749
-21553
-20669
-17948
-12269
-4715
1852
7424
12967
16389
17797
17988
15543
11838
6902
346
-4540
-8188
-12515
-16221
-18153
-19184
-20491
-20505
-18858
-17874
-16323
-12556
-8566
-4680
-388
3132
6433
9180
9603
9011
7759
4634
510
-3078
-5780
-8524
-10695
-10680
-9028
-6728
-3978
-435
2993
5234
6891
8246
9434
9485
8753
8471
8301
8977
9978
11457
13297
13719
14487
15947
17335
17662
16725
15876
13619
12732
12777
12599
12688
5406
-772
-2089
-9845
-15710
-19345
-25164
-26971
-27250
-23074
-15554
-11403
-6113
832
7268
13047
15842
16746
17658
16426
14432
15082
13639
9578
6997
4575
2853
-165
-5259
-9116
-13703
-18326
-20116
-20414
-20081
-18904
-15688
-9632
-2898
2674
8331
13207
15611
16760
16154
13868
10047
3981
-1552
-5853
-9844
-13296
-16403
-17548
-18037
-19137
-17864
-15591
-14599
-12516
-9094
-5861
-2495
767
3443
5787
7037
6914
6103
4477
1443
-2563
-5365
-7215
-9492
-10252
-9319
-7561
-4984
-2037
1627
4455
6203
7928
8879
9463
8885
7897
7785
7517
8107
9270
10729
12369
13413
15188
17084
18094
17588
16096
15132
13654
12374
11938
11605
6751
-462
-2168
-6648
-14075
-17402
-21995
-24927
-24883
-23104
-16813
-11787
-7607
-1136
5175
11093
14445
15296
16743
16498
13907
13532
13082
9530
6760
4724
2767
494
-4111
-8203
-11856
-16234
-18761
-19561
-19144
-17966
-15706
-10443
-3754
1583
6398
11392
14457
15396
14999
13074
9961
4722
-1304
-5734
-9463
-12797
-15903
-17471
-17186
-17773
-17370
-14581
-12769
-11650
-9087
-6000
-3245
-778
1346
3393
5011
5439
4979
4010
1989
-1573
-4657
-6032
-7663
-8934
-8255
-6366
-3904
-1231
2010
5125
6832
7960
9028
9454
8964
8004
7307
7379
8166
9300
10780
12112
13644
15564
17480
19165
18834
17044
15530
14207
12464
11412
9864
2593
-2855
-4442
-11441
-16439
-19249
-24379
-25521
-24857
-21362
-15280
-11506
-6054
592
6530
12388
15356
16554
17978
16962
15063
15308
13101
9038
6895
4313
2141
-740
-5463
-9027
-13082
-16797
-18053
-18543
-18042
-16345
-13037
-7516
-1536
3537
8408
12581
14631
15305
14352
11726
8172
2731
-2901
-7359
-11524
-15161
-17641
-18121
-18131
-18118
-16111
-13605
-11716
-9217
-6316
-3528
-943
1151
2839
4249
4808
4366
3566
2052
-845
-4160
-6315
-7872
-9403
-9572
-8223
-6114
-3430
-214
3315
6214
7846
9061
10102
10092
9306
8259
7400
7838
8708
9644
11358
12730
14005
16526
18894
19528
19174
17583
15704
14764
13351
12019
6169
-1665
-3898
-9651
-16089
-17947
-23025
-25955
-25528
-23479
-17281
-12969
-8880
-2479
3077
9012
13668
15750
17621
17662
15762
16098
15369
11053
7851
5029
1819
-1368
-6159
-10215
-14278
-18877
-20399
-20020
-19313
-17686
-14729
-9378
-2960
2535
7716
12142
14210
14973
15155
13368
10237
5462
-786
-5152
-8630
-12605
-15888
-18409
-19613
-20141
-19091
-16158
-14366
-12270
-8299
-4536
-559
3136
4806
6206
7363
6924
6022
4272
981
-2793
-5417
-6735
-8229
-8995
-8255
-6742
-4251
-1190
2081
4910
6505
7993
9765
10754
10916
10390
9714
10118
11155
11779
12927
14008
14545
16471
18064
18781
18837
16622
15458
13911
12140
11400
3669
-2727
-4402
-12169
-17144
-18711
-23126
-24548
-24225
-20666
-14512
-11203
-6350
-230
4592
10050
13418
15009
17512
16985
15333
16651
15091
11066
8376
5108
2185
-2162
-7767
-11352
-16058
-20505
-21316
-20979
-19732
-17293
-13747
-7690
-1512
3416
8640
12550
14580
14961
13707
11903
8376
3405
-2096
-6944
-10365
-15076
-18474
-18843
-20524
-21270
-18795
-16346
-13902
-10438
-6621
-2696
810
3649
5603
6847
7271
5840
4191
2639
-1092
-4519
-6191
-8220
-9405
-9208
-8272
-6127
-3880
-1233
2041
4427
6108
7586
9224
10202
9970
10094
10452
11309
12508
12823
13614
14949
15766
16764
18601
19329
17569
16579
15911
14144
13291
7251
-774
-3018
-9292
-16977
-19017
-22600
-25695
-25774
-22966
-16948
-13276
-9409
-2869
2354
7258
11162
12848
15155
15819
14490
15838
16176
13137
10738
8543
6083
2175
-3507
-7659
-12326
-17926
-20225
-20588
-20637
-19298
-16402
-11074
-4946
-16
4878
9326
12001
13037
12987
12057
9609
5712
1615
-2057
-5589
-9731
-14195
-16671
-18559
-21166
-20882
-19022
-18085
-15283
-10438
-5714
-1344
2783
6069
8351
9734
9131
7044
4946
1486
-2699
-4736
-6340
-8375
-8456
-7253
-5552
-3368
-1385
1002
3016
4083
5643
7034
7822
8416
8762
10094
11836
12749
13678
15029
16379
17585
19033
20468
20705
19840
18810
17848
17181
12982
4235
-753
-5610
-14785
-19901
-23287
-27123
-28341
-27068
-21143
-15229
-11318
-5208
824
6179
10627
12488
14755
16511
15156
15484
17242
15853
13470
11202
8913
5835
-2
-5315
-9960
-16222
-20652
-22220
-22223
-21088
-19075
-14273
-7584
-2009
2991
7816
11353
12646
12358
11791
10070
7063
2853
-1244
-3393
-7018
-11965
-13902
-15828
-19068
-19977
-19355
-18558
-16960
-13884
-9240
-4584
-481
3012
6204
8957
8955
7494
6358
3378
-751
-3369
-5076
-6744
-7715
-7462
-5500
-3368
-1966
402
2878
3946
4641
6045
7117
6971
7527
8668
9755
11156
11687
13036
15429
16608
18039
20131
20765
20147
19723
19079
18249
13922
5240
664
-4334
-14114
-19391
-23138
-27386
-28773
-27856
-22080
-16494
-12854
-6234
148
5602
10281
12347
15058
17263
16180
16806
18758
17073
14410
12199
9711
6282
117
-5263
-9876
-16280
-20614
-22091
-22381
-21578
-19659
-14990
-8618
-3307
1634
6958
10496
11514
11999
11618
9971
7306
2709
-1167
-3796
-7898
-11746
-13698
-15440
-17878
-18890
-17418
-16341
-15211
-11817
-8014
-4534
-664
2767
5427
7258
7440
6547
5587
3408
-61
-2589
-3998
-5492
-6440
-5742
-4089
-2659
-971
1915
4712
5891
7124
8690
9076
9347
9511
9860
10623
10310
10712
12266
13733
15136
16397
17983
18686
18345
17672
17348
15036
7099
1905
-1529
-10378
-15897
-19259
-23502
-24591
-24552
-20739
-15556
-12446
-7186
-2060
2498
7073
8766
10730
13543
13395
13702
16051
15801
14158
12767
10812
8208
2858
-2600
-7006
-13289
-18032
-20170
-21391
-20752
-19027
-15415
-9652
-4464
198
4965
7588
8688
9493
8400
7277
5236
622
-2127
-3680
-6411
-9056
-10962
-12346
-14733
-15844
-14566
-14485
-14098
-12049
-9690
-5948
-2104
683
3568
5604
6270
6355
6005
4518
1343
-1214
-2326
-3705
-4498
-4231
-3417
-1851
-120
2063
4637
5952
6448
7487
8364
9103
9766
9510
9922
11162
12435
14413
16214
17638
18625
18964
19035
18895
18042
11804
3825
588
-5904
-14702
-18770
-22330
-25429
-25726
-22400
-16521
-12727
-8729
-2955
1886
6288
8794
9638
11946
13140
12781
14830
16707
15627
13894
12812
11467
6993
539
-4518
-10468
-16943
-20474
-21771
-21940
-21132
-18303
-12709
-7078
-2452
1980
4831
6279
7442
7047
5822
4786
2099
-865
-1513
-1926
-4332
-6662
-7569
-10030
-12955
-13271
-14061
-15700
-15228
-13256
-10382
-6662
-3279
-597
2085
4313
4872
4785
4487
2347
-171
-877
-1266
-2023
-1860
-780
831
2497
4042
6071
7089
6482
6725
7497
7748
8042
7983
8737
10759
12676
15009
17764
19664
20658
20783
21123
22243
17798
8233
3595
-1645
-11623
-17448
-21131
-25049
-26840
-25677
-19794
-14739
-11709
-6438
-1420
3563
7517
8673
11492
14105
13705
15406
18593
18843
17191
15385
13841
10250
3305
-2776
-8349
-15583
-20728
-22743
-23016
-22346
-20812
-16051
-9860
-5194
-422
3691
5758
7188
7845
7419
6248
4150
1460
-666
-1103
-2499
-5762
-7217
-8968
-12646
-13834
-13820
-15309
-15706
-13829
-10896
-7719
-4230
-1112
1083
3296
4447
4075
3873
2416
-395
-1380
-1347
-1813
-1634
-701
1197
3122
4520
6529
7277
6819
7272
8061
9067
9214
9174
10958
12769
14506
16707
18208
19329
19415
18404
19121
18464
10390
3056
313
-7161
-15010
-18403
-21679
-24224
-24926
-21258
-15664
-12876
-8732
-3741
576
5615
7729
9038
12514
13363
13200
15936
17725
16655
14661
13450
11976
6862
758
-3917
-10200
-16093
-19103
-20550
-20647
-20018
-17685
-12882
-8240
-4221
-651
1231
2565
3417
2897
2447
1953
353
-1091
-619
38
-2086
-3768
-3970
-6997
-9595
-9831
-11518
-12928
-12166
-10508
-8232
-5312
-2539
-528
1742
3369
2950
2518
2097
-95
-2086
-2201
-2328
-2554
-1536
450
2765
4476
5986
7559
8509
9247
9422
9957
10526
10612
12606
14598
16550
19268
20345
21934
22251
21590
20966
12973
4934
920
-8174
-16479
-20713
-24825
-26942
-26864
-22554
-16280
-12858
-8244
-2742
1028
5362
7570
8191
11123
12274
12789
16341
18591
18200
16655
15192
13589
7872
505
-5071
-12296
-19199
-22356
-23541
-23285
-21839
-18156
-12130
-6760
-1897
1497
2596
3632
3555
2230
909
-107
-1071
-2427
-1221
575
-1222
-2297
-2515
-5437
-8143
-9589
-11665
-13649
-13655
-11674
-9161
-5646
-1687
783
3475
5923
5514
4677
3913
1005
-1410
-2020
-2450
-2395
-1673
378
2858
4477
6418
8149
8939
8882
8621
9152
9876
10962
12808
15323
18206
21085
23170
23857
25565
22659
13075
7599
1713
-9290
-17176
-22098
-25829
-27869
-26448
-20228
-15127
-11226
-5712
-1265
2846
5762
5552
6689
9084
9338
11111
15231
17871
18264
17891
18499
16604
9870
3459
-2828
-11131
-17908
-22048
-24151
-24628
-23472
-19505
-14023
-8893
-5104
-2585
-577
208
-20
-1162
-2160
-1759
-2060
-1659
1124
2156
1153
1352
695
-2656
-5741
-8025
-11240
-13579
-13472
-12333
-10413
-6982
-3696
-1064
2257
4021
3540
3525
2757
628
-407
-496
-193
766
2680
5516
8024
9568
11057
12645
12116
10465
9586
8141
7529
8107
9042
11467
14389
16788
18790
22333
22568
14476
8876
5158
-4779
-13710
-18796
-22928
-26048
-25567
-19615
-13955
-9957
-4835
-538
3486
6569
6009
5630
7406
7494
7937
11660
15164
15870
15491
16768
16263
10330
4170
-1265
-8931
-15486
-18999
-20534
-20719
-19516
-15866
-10726
-6251
-3218
-1790
-1559
-1729
-2714
-5005
-6073
-5572
-6287
-5690
-1876
220
-368
407
687
-2249
-4801
-6343
-9446
-11863
-11627
-10491
-8337
-4602
-1657
621
3740
5277
4431
3514
2373
-184
-2059
-1781
-1143
-332
1693
4796
7872
10172
12529
13843
13395
12357
11480
11617
11534
11986
13434
14815
17708
19247
20731
21845
14842
8062
4155
-4626
-13199
-19660
-24357
-26534
-26844
-21599
-15355
-11509
-5816
-800
3027
7053
7434
6680
8307
8785
9289
12062
14836
16147
15460
15728
15776
10509
4143
-1328
-8892
-15691
-19674
-21779
-22690
-21911
-18428
-13932
-9407
-4881
-2739
-2466
-1166
-848
-2646
-2931
-2059
-2827
-2791
18
1591
580
480
-229
-3470
-5900
-7807
-10864
-12793
-12668
-11520
-9203
-5356
-1740
689
3377
5423
5061
4015
3112
909
-891
-644
218
1569
3586
6252
9082
10965
12823
13393
12025
10763
9877
9489
9555
10340
11743
13728
16376
18438
20901
19159
12060
7635
1970
-6952
-13769
-19379
-23223
-25159
-23436
-17304
-12768
-8532
-3113
366
3965
6616
5987
6129
7289
7542
9276
12679
15539
16277
15975
16952
15156
9204
3745
-2605
-10419
-15862
-18893
-20758
-21545
-20341
-17217
-14195
-10460
-7058
-7001
-6593
-4642
-5134
-5444
-3441
-2529
-2453
-340
2443
2539
1379
947
-1665
-5387
-7400
-10052
-12743
-13308
-12673
-10701
-7294
-3419
-222
2158
4766
6086
5431
5012
4134
2310
1757
2501
3650
4875
6592
9145
10955
12191
13232
12517
10913
10250
9860
9211
9717
11060
12412
14361
16847
19112
17085
12003
8360
1880
-6165
-11826
-17842
-22231
-23503
-21797
-17179
-12462
-7175
-2335
1090
5334
7362
6263
6472
6615
5744
7420
10515
12578
13540
14613
15773
13349
9397
4796
-4231
-11644
-16073
-20772
-22570
-22622
-21356
-17949
-13597
-8040
-4665
-3297
-1652
-1575
-1308
-878
-1799
-1894
-1783
-1144
516
683
251
-926
-3848
-5904
-7851
-10883
-12672
-13163
-12587
-10339
-6744
-2669
207
2676
5178
5884
6067
5978
4478
3422
3471
3996
5130
6733
8341
9226
10194
11198
10596
9380
8154
6387
5352
5491
6060
7176
8946
10734
12623
14436
13498
10615
7610
2784
-2341
-6285
-10115
-12535
-13186
-12224
-9411
-6021
-2893
-667
1065
2696
2528
1535
1272
156
-781
387
2095
3777
5486
6619
7244
6484
4527
1733
-2820
-7270
-10610
-13432
-14163
-13712
-12967
-10660
-7677
-5018
-2964
-1883
-1608
-2431
-3617
-4476
-5709
-6723
-6875
-6476
-5359
-4176
-3360
-2739
-2829
-3286
-4073
-5310
-6049
-6431
-6465
-5326
-3585
-1844
-173
1311
2316
2472
2244
1863
1065
637
1040
1840
3215
5179
7231
9369
11181
11985
12087
11708
10955
10426
10063
10104
10677
11348
12836
14159
13364
11692
8631
3984
-377
-5360
-10068
-13193
-15324
-15044
-12739
-9525
-5673
-2519
711
3419
4194
4518
3989
2510
1783
1543
1850
2734
3457
4167
4567
4346
2902
-113
-3358
-6690
-10053
-11980
-12962
-13151
-11822
-9782
-6919
-3938
-2154
-1016
-608
-1077
-2102
-3378
-4370
-5203
-5401
-4581
-3387
-2015
-892
-393
-96
-497
-1902
-3278
-4534
-5656
-5883
-5439
-4434
-2940
-1522
59
1438
2021
2108
1937
1836
1894
2214
3140
4333
5761
7617
9376
10519
11295
11733
11620
11675
11869
12048
12485
13103
14041
14072
12978
11441
8266
4321
527
-3848
-7809
-10566
-12162
-12141
-10706
-8485
-6053
-3697
-1253
464
1171
1704
1316
489
552
678
1036
1715
2002
2512
2423
1433
337
-1803
-4430
-6511
-8461
-9832
-10252
-10116
-9205
-7697
-6167
-4734
-3693
-3006
-2893
-3363
-3643
-4076
-4575
-4311
-3692
-2955
-2049
-1040
-111
206
124
-169
-825
-1529
-1919
-2139
-2280
-2051
-1583
-1072
-428
17
-23
-196
-165
-121
-49
393
996
1662
2868
4382
5665
6718
7545
8155
8708
9406
10075
10631
11249
11959
12748
13061
12555
11170
8682
5899
3098
-83
-3096
-5311
-6761
-7296
-6507
-5184
-4072
-2841
-1588
-730
-275
-27
-227
-679
-627
-337
-91
322
501
298
-95
-906
-2190
-3903
-5650
-7009
-8030
-8282
-7668
-6823
-5657
-4117
-2827
-2032
-1705
-1991
-2856
-4015
-4956
-5655
-6085
-5921
-5438
-4626
-3433
-2419
-1732
-1341
-1211
-1293
-1557
-1590
-1443
-1312
-833
-87
665
1244
1638
1833
1587
1254
1074
887
1048
1561
2193
3195
4353
5362
6129
6436
6409
6019
5631
5740
5751
6011
6799
7613
8811
9676
9629
9115
7531
5452
3545
1364
-588
-1953
-2669
-2542
-1673
-407
553
1208
1734
1647
1344
960
50
-766
-999
-917
-610
-38
450
292
-144
-779
-2101
-3625
-5190
-6790
-7611
-7644
-7122
-6004
-4663
-3224
-1833
-868
-412
-621
-1427
-2444
-3428
-4203
-4795
-5042
-4838
-4499
-3801
-2915
-2506
-2271
-2170
-2358
-2550
-2698
-2707
-2460
-1920
-1066
-155
778
1559
1926
2201
2264
2082
2010
2062
2379
2970
3656
4544
5306
5762
6102
6103
5706
5208
4876
4743
4745
5163
5861
6478
7227
7690
7479
6949
5703
4009
2569
1064
-184
-810
-953
-575
191
1080
1720
2033
1980
1373
584
-280
-1474
-2418
-2944
-3182
-3083
-2919
-2761
-2668
-2818
-3080
-3501
-4185
-4914
-5392
-5474
-5323
-4899
-4148
-3486
-2885
-2344
-2239
-2422
-2910
-3626
-4109
-4405
-4560
-4342
-3751
-2938
-2136
-1342
-652
-355
-373
-524
-757
-981
-1143
-1106
-747
-242
308
964
1528
1885
2019
2008
2067
1994
1926
2195
2641
3162
3659
4177
4748
4940
4916
4899
4619
4408
4391
4533
5012
5558
6096
6679
7168
7264
6679
5859
4819
3327
2021
998
139
-373
-402
65
494
1027
1578
1636
1627
1315
522
-154
-840
-1587
-2078
-2304
-2463
-2718
-2876
-3062
-3561
-4169
-4782
-5296
-5623
-5794
-5739
-5449
-4991
-4440
-3903
-3534
-3427
-3585
-3913
-4184
-4418
-4689
-4741
-4400
-3874
-3247
-2373
-1687
-1316
-979
-865
-924
-1055
-1235
-1294
-1199
-797
-203
328
842
1258
1499
1681
1774
1709
1578
1498
1544
1771
2147
2527
2788
3005
3285
3434
3321
3146
3047
2924
2931
3252
3688
4192
4810
5384
5771
5885
5733
5253
4396
3535
2593
1549
924
579
231
210
495
599
650
886
834
421
166
-251
-949
-1369
-1710
-2231
-2414
-2480
-2823
-3091
-3270
-3646
-4018
-4233
-4445
-4636
-4631
-4492
-4273
-3982
-3791
-3718
-3687
-3741
-3862
-4045
-4305
-4475
-4597
-4634
-4382
-4032
-3766
-3329
-2721
-2182
-1728
-1322
-1045
-921
-675
-306
8
365
701
963
1257
1542
1717
1721
1651
1654
1672
1743
1954
2084
2142
2318
2525
2704
2818
2850
2795
2706
2790
2901
2930
3151
3456
3738
4223
4691
4878
4957
4919
4699
4433
4127
3768
3369
2963
2771
2537
2231
1956
1477
1013
529
-22
-488
-1020
-1568
-1978
-2316
-2606
-2827
-3002
-3153
-3284
-3330
-3301
-3244
-3219
-3231
-3180
-3073
-2967
-2862
-2748
-2714
-2762
-2760
-2815
-2932
-3063
-3205
-3274
-3300
-3250
-3087
-2920
-2755
-2562
-2334
-2084
-1800
-1541
-1280
-965
-652
-334
7
351
627
833
1093
1316
1484
1665
1795
1983
2238
2488
2705
2942
3166
3245
3273
3182
3035
2788
2406
2229
2022
1846
1906
1924
2066
2318
2482
2735
2915
2964
3027
2993
2967
2941
2859
2884
2921
2944
2943
2844
2690
2436
2032
1586
1053
401
-237
-804
-1358
-1850
-2248
-2536
-2746
-2916
-3039
-3158
-3235
-3266
-3246
-3167
-3024
-2880
-2713
-2468
-2218
-2055
-1988
-1984
-2100
-2352
-2648
-2955
-3271
-3501
-3632
-3673
-3562
-3334
-3058
-2677
-2214
-1776
-1349
-948
-592
-320
-168
-100
-76
-59
-52
-26
44
86
195
427
670
953
1279
1603
1936
2256
2550
2764
2847
2842
2756
2568
2360
2213
2001
1878
1882
1832
1931
2114
2246
2416
2543
2628
2629
2477
2307
2090
1880
1742
1613
1555
1567
1600
1684
1751
1747
1667
1502
1339
1135
839
507
152
-212
-553
-913
-1236
-1545
-1841
-2014
-2182
-2274
-2325
-2395
-2363
-2282
-2172
-2030
-1905
-1765
-1687
-1682
-1699
-1774
-1918
-2123
-2296
-2435
-2533
-2572
-2537
-2449
-2359
-2170
-1888
-1634
-1421
-1234
-1074
-890
-751
-665
-566
-510
-449
-319
-166
0
142
308
581
852
1158
1448
1655
1813
1856
1841
1799
1696
1539
1391
1346
1317
1356
1497
1608
1765
1892
2024
2134
2123
2083
1971
1876
1828
1713
1678
1687
1677
1738
1813
1831
1841
1833
1779
1731
1648
1494
1323
1136
935
734
523
262
-54
-353
-631
-942
-1226
-1418
-1540
-1588
-1574
-1479
-1324
-1218
-1169
-1132
-1145
-1251
-1394
-1563
-1761
-1940
-2090
-2213
-2304
-2355
-2354
-2322
-2235
-2104
-2009
-1912
-1813
-1767
-1706
-1640
-1562
-1449
-1320
-1130
-963
-819
-643
-521
-406
-252
-130
-11
100
159
161
158
205
258
344
485
605
710
863
1016
1112
1182
1192
1189
1212
1279
1364
1369
1314
1232
1134
1047
916
838
837
825
908
1039
1179
1340
1453
1583
1682
1717
1736
1655
1517
1341
1085
848
591
361
224
129
89
94
102
89
67
44
14
-23
-143
-270
-421
-633
-793
-923
-1026
-1064
-1027
-898
-750
-598
-449
-402
-382
-406
-511
-622
-795
-1036
-1262
-1461
-1663
-1814
-1875
-1907
-1860
-1718
-1548
-1326
-1106
-881
-646
-449
-255
-101
-13
37
47
10
-47
-139
-239
-292
-287
-210
-86
57
233
381
533
681
685
641
538
349
155
-55
-243
-367
-412
-307
-82
246
614
957
1298
1531
1644
1680
1602
1482
1322
1123
966
846
753
671
600
568
547
546
590
608
594
611
622
584
513
405
262
66
-148
-330
-487
-607
-652
-596
-479
-289
-19
261
520
697
733
689
557
288
-42
-385
-725
-1038
-1263
-1395
-1458
-1407
-1232
-1016
-758
-468
-220
-52
40
85
50
-51
-163
-297
-424
-526
-633
-672
-629
-547
-441
-292
-117
86
280
418
507
526
480
362
197
2
-222
-444
-611
-738
-769
-699
-577
-376
-147
95
354
566
713
801
835
802
720
630
488
323
216
182
198
235
278
358
418
470
530
517
457
362
249
126
-18
-159
-280
-384
-437
-452
-409
-314
-189
6
212
387
557
664
709
699
604
492
332
124
-104
-332
-503
-625
-669
-632
-567
-453
-306
-162
-31
49
46
-4
-56
-126
-219
-290
-343
-404
-444
-451
-449
-465
-461
-429
-379
-346
-308
-237
-197
-178
-178
-198
-272
-354
-449
-524
-551
-579
-568
-502
-389
-297
-174
-38
18
11
10
-39
-148
-266
-355
-380
-410
-398
-341
-268
-171
-69
70
206
297
352
387
416
429
399
361
314
261
219
200
192
201
169
95
62
36
26
21
53
113
145
176
220
241
239
207
196
226
204
213
259
239
223
197
147
80
-12
-63
-105
-138
-120
-106
-72
-12
49
117
169
201
200
193
189
149
68
0
-75
-177
-255
-324
-404
-456
-462
-465
-412
-319
-247
-184
-123
-75
-87
-127
-175
-267
-378
-444
-481
-493
-505
-495
-412
-313
-243
-164
-80
-13
16
17
5
-56
-156
-245
-319
-406
-483
-502
-447
-372
-276
-145
-4
138
220
267
314
346
324
258
190
120
32
-34
-39
-32
8
65
129
213
273
334
373
378
390
392
373
333
247
140
39
-81
-171
-202
-175
-124
-62
75
215
323
403
465
508
496
430
325
202
74
-41
-144
-219
-254
-256
-237
-178
-106
-66
-60
-45
-52
-87
-116
-154
-185
-223
-264
-276
-279
-261
-204
-113
1
119
201
292
330
321
313
253
140
8
-125
-224
-299
-355
-354
-296
-217
-124
4
126
195
254
293
288
276
217
131
46
-17
-40
-55
-59
-50
-11
55
119
186
230
257
294
299
287
289
269
244
234
196
153
129
147
182
222
261
313
379
413
421
414
427
406
339
294
246
209
209
210
236
275
315
352
374
386
380
349
295
211
90
-10
-112
-201
-275
-350
-358
-333
-281
-224
-141
-56
1
65
101
146
193
192
201
193
131
84
38
-11
-77
-142
-181
-175
-157
-145
-101
-66
-71
-79
-75
-106
-139
-189
-235
-259
-257
-219
-161
-68
18
115
225
289
311
298
233
165
96
16
-48
-93
-147
-188
-216
-242
-224
-183
-96
8
101
188
250
291
286
244
181
110
21
-77
-143
-180
-205
-179
-80
49
168
280
362
410
398
332
245
162
52
-57
-118
-169
-242
-280
-266
-251
-221
-184
-142
-115
-97
-58
-41
-47
-73
-103
-145
-211
-275
-322
-340
-328
-316
-288
-245
-210
-155
-91
-27
-10
-30
-80
-161
-243
-327
-395
-451
-486
-486
-443
-371
-273
-164
-77
-9
37
35
25
34
42
43
38
25
16
5
-3
2
-1
-6
16
51
74
99
113
128
132
105
80
69
54
40
30
30
40
73
110
156
184
206
231
246
259
253
227
192
170
154
141
135
142
166
201
255
297
319
320
293
272
259
224
175
116
39
-30
-76
-122
-165
-172
-140
-89
-40
7
41
70
69
62
49
4
-36
-81
-131
-206
-271
-308
-332
-314
-272
-228
-172
-129
-105
-89
-82
-77
-90
-96
-96
-112
-140
-177
-185
-174
-153
-78
4
87
163
218
262
275
267
262
263
246
213
174
142
101
77
50
16
-21
-25
14
67
119
137
155
143
118
102
79
40
5
-27
-34
-7
12
47
77
118
150
152
157
141
119
102
84
21
-49
-116
-168
-193
-219
-233
-223
-212
-202
-179
-130
-83
-58
-31
-3
3
-22
-90
-148
-226
-308
-363
-397
-397
-387
-361
-303
-233
-192
-170
-163
-167
-195
-237
-269
-313
-371
-401
-409
-426
-430
-399
-344
-305
-277
-237
-193
-161
-139
-131
-122
-118
-162
-201
-229
-266
-294
-288
-257
-238
-198
-143
-74
-24
-8
1
13
11
-21
-47
-63
-95
-136
-140
-135
-123
-99
-57
-7
21
20
31
36
28
2
-23
-32
-64
-114
-150
-194
-242
-263
-248
-222
-188
-146
-98
-66
-52
-66
-78
-82
-101
-120
-154
-195
-259
-309
-331
-341
-343
-306
-242
-186
-151
-131
-103
-85
-100
-131
-155
-185
-234
-278
-303
-324
-346
-338
-293
-227
-159
-113
-64
-26
-19
-24
-26
-32
-56
-110
-165
-214
-270
-306
-287
-236
-192
-140
-93
-77
-73
-79
-63
-26
-16
1
-4
-20
-46
-78
-68
-36
-1
31
85
150
179
207
232
238
204
145
76
26
-20
-58
-79
-78
-48
-13
27
82
122
138
131
107
78
6
-60
-104
-159
-205
-236
-257
-286
-291
-269
-241
-200
-153
-106
-85
-69
-56
-52
-57
-70
-85
-112
-159
-225
-266
-283
-280
-258
-215
-163
-109
-77
-61
-39
-44
-58
-86
-129
-154
-188
-224
-229
-189
-144
-101
-42
17
73
102
106
109
97
57
17
-31
-85
-150
-200
-229
-230
-190
-127
-61
12
90
150
191
203
181
142
80
-8
-83
-138
-183
-213
-209
-178
-144
-101
-37
20
74
117
135
133
113
87
33
-15
-58
-113
-147
-165
-169
-151
-128
-95
-56
-24
21
48
76
94
99
82
35
-13
-65
-116
-155
-175
-185
-178
-155
-98
-1
86
155
187
203
192
147
95
39
-28
-92
-143
-161
-147
-128
-92
-63
-12
30
77
131
162
171
160
129
88
48
-2
-40
-53
-47
-39
-22
-6
21
56
86
131
175
194
198
186
158
127
79
16
-48
-101
-117
-108
-87
-48
13
89
134
161
165
136
97
65
33
-17
-61
-85
-86
-72
-49
-17
10
41
77
116
149
188
203
195
183
141
99
49
6
-31
-60
-58
-50
-33
-6
19
44
60
64
55
41
8
-12
-37
-73
-120
-159
-170
-148
-104
-54
18
110
186
235
270
276
262
237
199
162
117
72
38
19
13
10
11
29
68
98
122
167
200
199
190
174
141
97
69
44
26
9
-5
-2
8
33
67
115
154
195
222
225
218
166
110
62
-3
-43
-84
-105
-101
-87
-66
-34
-5
32
81
91
85
65
19
-37
-85
-121
-146
-153
-141
-131
-117
-91
-77
-76
-70
-60
-23
7
25
31
7
-29
-75
-126
-171
-210
-221
-212
-192
-159
-106
-63
-48
-26
6
34
40
41
40
4
-69
-130
-152
-165
-156
-138
-97
-51
-10
40
78
115
125
121
117
112
117
95
70
39
13
-10
-19
-6
29
68
96
121
136
124
121
105
102
100
100
91
56
19
-2
-5
5
25
58
85
100
129
157
171
172
171
151
116
58
-5
-48
-81
-106
-97
-75
-52
-27
-3
30
51
72
78
84
88
65
32
1
-20
-55
-92
-132
-144
-144
-145
-125
-96
-60
-41
-20
-8
-11
-4
-11
-28
-44
-63
-81
-100
-116
-111
-120
-101
-79
-61
-24
4
22
32
43
60
68
64
64
39
-3
-42
-65
-80
-83
-80
-65
-19
39
98
143
178
179
155
131
87
47
17
-11
-17
-5
11
24
20
15
13
20
31
38
33
42
53
75
78
59
60
44
25
10
-6
-10
9
35
52
76
99
111
117
112
95
59
23
-12
-30
-38
-44
-46
-34
-15
-7
10
29
48
52
41
23
17
-2
-30
-48
-56
-53
-37
-6
17
30
34
27
10
-11
-30
-35
-27
-6
14
26
25
38
37
30
21
6
3
0
13
43
80
110
118
113
103
91
87
86
74
51
30
19
21
28
44
50
52
63
85
102
107
97
86
72
62
46
21
-4
-17
-13
-11
-3
-2
4
11
8
3
-7
-12
10
53
74
86
86
74
42
-3
-27
-38
-47
-52
-41
-22
-18
-17
-23
-41
-61
-83
-89
-90
-107
-108
-91
-57
-21
1
23
44
35
27
26
28
24
28
44
56
62
60
46
32
48
59
58
56
60
71
94
115
127
138
132
109
96
93
93
78
73
80
96
111
107
98
97
103
120
136
162
182
183
186
202
210
193
172
155
151
141
137
142
155
166
164
165
162
151
131
125
108
77
36
-14
-52
-59
-66
-63
-47
-29
6
40
67
89
89
81
65
51
51
48
34
17
-5
-21
-43
-76
-79
-70
-50
-19
9
34
58
79
97
110
106
90
66
60
62
71
78
93
99
98
105
124
145
147
152
144
135
131
122
122
118
107
91
81
75
70
73
77
84
97
120
160
195
220
224
212
196
168
131
110
103
88
78
84
98
98
121
153
182
192
193
189
161
124
89
68
58
46
47
43
41
49
45
45
59
61
73
92
113
127
127
117
85
52
19
2
-9
-5
4
12
27
54
78
98
117
131
142
135
121
99
75
52
42
30
29
20
13
17
12
32
43
66
84
103
118
125
133
117
106
84
72
64
57
50
30
19
1
-21
-18
10
31
46
61
76
81
72
55
25
2
-28
-37
-45
-45
-50
-53
-34
-6
23
47
75
74
80
69
70
53
40
26
6
-13
-46
-56
-52
-48
-44
-38
-30
-15
-17
-14
-19
-18
-25
-44
-54
-72
-86
-86
-79
-80
-77
-81
-72
-41
-20
-11
-3
14
8
5
9
11
9
-4
-18
-29
-31
-37
-37
-27
-26
-39
-53
-67
-76
-63
-54
-66
-72
-70
-71
-67
-73
-66
-51
-43
-21
-18
-15
-23
-40
-65
-83
-92
-93
-85
-61
-54
-49
-40
-39
-32
-19
0
9
11
4
-1
-6
-12
-18
-42
-65
-68
-58
-49
-42
-30
-20
-16
-13
-6
-12
-42
-71
-98
-104
-97
-111
-123
-133
-120
-88
-68
-46
-40
-37
-28
-11
11
19
6
-21
-42
-59
-78
-93
-91
-88
-73
-63
-50
-33
-21
-20
-22
-25
-47
-65
-75
-68
-59
-45
-39
-34
-37
-48
-53
-61
-53
-45
-23
-4
18
41
47
40
29
18
6
-23
-57
-73
-70
-73
-69
-54
-50
-44
-34
-18
-4
16
20
23
22
13
10
3
8
19
30
23
25
16
10
23
37
49
58
80
89
81
81
77
68
52
26
14
-5
-15
-22
-2
18
27
36
47
51
46
45
27
10
-11
-27
-38
-53
-81
-83
-75
-65
-44
-39
-31
-32
-40
-42
-36
-24
-24
-30
-42
-55
-66
-72
-72
-75
-65
-64
-46
-21
-7
0
7
12
20
30
34
31
25
20
14
6
7
21
22
29
39
40
31
26
15
11
15
20
23
24
19
9
16
18
20
26
31
34
28
16
-11
-32
-39
-38
-30
-15
12
35
42
55
45
44
52
66
96
113
109
106
94
85
72
60
69
74
81
94
97
89
89
78
92
107
122
138
131
129
113
92
73
50
38
24
16
9
-9
-27
-38
-46
-46
-52
-69
-92
-108
-126
-162
-179
-192
-201
-202
-202
-208
-214
-223
-237
-236
-245
-237
-224
-224
-234
-264
-284
-306
-326
-346
-345
-352
-363
-375
-384
-396
-414
-413
-402
-389
-380
-359
-358
-358
-356
-360
-365
-386
-405
-408
-382
-348
-336
-316
-300
-302
-310
-314
-296
-283
-283
-278
-277
-274
-277
-279
-267
-244
-219
-207
-193
-188
-192
-182
-160
-133
-108
-75
-43
-27
-20
-28
-48
-60
-57
-36
2
35
59
77
84
82
86
85
89
111
147
172
186
197
196
194
190
210
236
277
326
386
437
471
488
493
493
488
488
492
497
493
500
516
527
537
554
567
588
610
617
626
638
660
679
688
698
704
688
661
623
584
552
531
526
541
552
553
547
540
534
506
474
441
412
380
363
335
298
269
246
232
224
228
229
233
238
229
209
179
154
115
91
73
47
19
-15
-52
-83
-88
-96
-105
-110
-113
-92
-70
-68
-83
-111
-143
-178
-205
-219
-235
-239
-238
-230
-217
-221
-212
-203
-180
-170
-171
-159
-146
-139
-139
-145
-164
-173
-188
-192
-179
-179
-180
-163
-145
-125
-95
-69
-46
-26
-6
19
48
67
75
83
104
117
109
104
90
90
98
122
150
175
209
245
282
306
304
294
283
278
286
304
320
327
330
328
325
320
312
296
283
288
287
293
293
296
310
309
306
293
277
265
261
264
271
276
293
295
283
263
227
180
143
130
129
138
137
133
121
110
78
51
30
14
5
-16
-23
-39
-51
-90
-122
-134
-146
-158
-168
-184
-200
-216
-224
-216
-213
-206
-194
-189
-197
-191
-205
-230
-257
-270
-278
-270
-261
-266
-275
-291
-297
-318
-329
-349
-368
-368
-367
-356
-338
-324
-316
-294
-282
-278
-270
-270
-275
-285
-288
-287
-273
-263
-242
-220
-202
-201
-206
-215
-206
-190
-178
-161
-155
-150
-137
-131
-120
-116
-117
-107
-119
-126
-132
-135
-111
-97
-77
-67
-49
-26
-14
-19
-36
-52
-66
-88
-106
-109
-109
-101
-84
-48
-11
3
15
13
-1
-12
-29
-19
5
17
17
3
-5
-17
-49
-69
-74
-68
-40
-19
5
21
16
1
-16
-32
-37
-43
-59
-82
-98
-117
-132
-128
-134
-133
-122
-104
-93
-85
-70
-57
-57
-73
-104
-131
-154
-190
-216
-250
-285
-314
-332
-343
-330
-300
-251
-204
-167
-147
-145
-153
-178
-195
-225
-253
-265
-275
-285
-289
-296
-304
-305
-302
-284
-260
-246
-219
-198
-198
-195
-220
-242
-250
-266
-270
-276
-270
-261
-262
-253
-242
-232
-217
-190
-153
-114
-89
-74
-59
-51
-64
-71
-67
-56
-37
-27
-31
-26
-10
9
22
43
72
91
98
93
65
45
42
39
40
38
18
14
25
25
41
49
55
63
84
105
112
108
101
91
76
64
76
96
110
126
135
142
142
138
131
131
126
134
130
137
130
111
93
70
54
52
64
69
83
86
88
90
92
86
82
73
74
70
58
61
58
47
35
19
12
22
23
35
53
57
49
43
15
-19
-52
-79
-87
-83
-72
-58
-54
-53
-48
-38
-33
-33
-17
-21
-26
-20
-14
-13
-20
-46
-77
-107
-134
-142
-140
-142
-139
-137
-135
-129
-121
-94
-75
-59
-69
-85
-98
-118
-140
-164
-179
-196
-200
-202
-189
-172
-169
-175
-174
-163
-165
-162
-160
-159
-166
-173
-165
-153
-159
-165
-159
-155
-148
-140
-137
-137
-120
-97
-75
-60
-48
-39
-44
-37
-38
-43
-52
-62
-77
-103
-110
-105
-78
-57
-54
-49
-50
-59
-68
-68
-59
-42
-39
-22
-17
-26
-38
-52
-50
-54
-51
-51
-45
-34
-33
-37
-34
-20
-5
6
6
11
19
9
0
-10
-16
-13
-27
-32
-25
-26
-27
-33
-28
-18
-11
5
23
43
59
64
64
59
41
18
-1
-20
-45
-63
-76
-78
-66
-57
-24
2
11
21
3
-5
-6
3
6
7
7
-14
-35
-50
-67
-70
-58
-53
-42
-37
-24
-16
-10
-7
-1
7
3
-7
-22
-38
-62
-67
-57
-56
-57
-64
-71
-68
-61
-59
-56
-47
-41
-37
-34
-44
-51
-57
-53
-40
-26
-10
-4
0
7
9
-4
-11
-22
-19
-10
-6
-2
1
-7
-18
-28
-26
-14
4
42
73
85
92
90
88
94
89
81
73
66
61
59
50
43
38
28
27
25
35
33
38
41
48
49
62
82
99
116
114
106
93
88
87
96
107
122
138
141
139
130
124
117
107
102
101
96
93
90
87
85
87
81
80
89
92
95
89
84
78
69
59
62
65
63
74
78
89
97
92
92
84
78
77
74
77
77
85
77
68
52
39
27
8
-4
-19
-29
-41
-41
-45
-33
-15
-5
-1
3
-20
-44
-55
-56
-42
-36
-30
-47
-66
-93
-112
-119
-116
-112
-111
-98
-103
-99
-91
-80
-63
-64
-68
-80
-98
-108
-118
-122
-123
-115
-104
-96
-82
-62
-29
-11
-3
-16
-39
-56
-63
-66
-65
-67
-58
-43
-41
-42
-46
-60
-82
-91
-87
-77
-64
-52
-43
-35
-47
-48
-51
-55
-47
-44
-33
-18
0
16
15
11
0
-3
-3
4
10
17
36
38
40
35
40
50
59
71
78
86
85
73
70
73
79
99
115
133
137
136
130
127
120
125
126
136
140
129
127
119
114
108
99
104
110
119
134
154
172
171
166
152
139
135
141
148
150
134
122
110
97
93
91
102
118
123
126
129
125
125
130
138
139
129
121
116
117
119
105
100
86
61
43
39
37
43
59
67
87
99
98
80
59
36
9
-8
-10
-5
9
27
46
61
61
50
19
-7
-22
-24
-21
-18
-4
5
10
3
-10
-30
-46
-58
-58
-54
-43
-34
-29
-27
-34
-35
-31
-36
-45
-62
-69
-72
-67
-61
-59
-59
-57
-49
-52
-54
-61
-68
-72
-78
-77
-70
-62
-61
-58
-50
-35
-36
-45
-58
-71
-92
-114
-123
-129
-114
-102
-84
-76
-68
-65
-73
-72
-55
-42
-35
-17
-2
5
8
16
23
10
4
3
3
-3
-16
-26
-30
-37
-36
-14
0
15
24
21
17
22
15
7
9
7
5
-1
0
-1
11
25
33
42
30
36
40
45
52
46
54
64
70
71
63
61
58
50
40
32
38
46
59
72
73
68
66
62
49
54
58
56
54
35
22
3
-6
5
28
45
43
44
52
57
51
44
45
54
68
82
91
106
98
79
65
60
52
42
43
43
46
54
55
59
64
70
81
86
81
74
74
67
76
84
81
88
85
99
106
115
120
114
116
114
113
104
102
107
108
119
120
128
128
109
108
104
106
109
109
106
101
93
86
90
100
106
117
130
131
120
117
114
121
136
155
168
159
150
137
127
114
118
111
108
111
103
100
99
97
88
75
63
58
44
32
20
12
11
17
20
25
32
23
15
3
-4
1
6
15
7
8
17
29
43
40
46
47
33
14
-9
-31
-45
-54
-60
-57
-61
-68
-73
-58
-38
-26
-20
-24
-19
-22
-15
-6
-3
6
9
7
-5
0
9
25
33
41
31
16
15
16
27
27
20
24
20
18
28
43
52
54
52
51
48
61
73
77
60
51
49
54
57
67
74
69
63
60
61
53
57
59
62
67
77
71
64
52
43
34
21
12
17
37
49
72
81
73
57
44
33
23
31
33
44
50
47
35
23
16
13
7
3
-3
-10
-22
-30
-34
-33
-28
-27
-23
-33
-35
-41
-57
-61
-69
-72
-65
-79
-90
-97
-103
-98
-91
-82
-78
-72
-77
-78
-83
-91
-92
-85
-75
-63
-68
-83
-94
-94
-102
-95
-76
-69
-65
-77
-82
-95
-103
-112
-122
-125
-127
-116
-120
-123
-121
-119
-112
-100
-83
-67
-50
-46
-46
-50
-60
-56
-61
-80
-101
-114
-111
-102
-98
-91
-82
-52
-30
-17
-13
-15
-22
-21
-6
3
6
6
9
8
0
-13
-21
-18
-16
-3
1
-7
-22
-30
-26
-20
-18
-27
-32
-37
-47
-59
-60
-52
-49
-40
-12
7
25
28
21
9
-4
-11
-26
-24
-20
-6
0
-8
-19
-20
-24
-31
-28
-25
-18
-9
10
25
33
38
33
18
10
7
16
27
44
57
66
68
56
43
23
2
-3
0
1
-3
-13
-28
-36
-34
-30
-24
-14
-5
6
8
10
22
28
29
25
19
19
13
11
2
-17
-33
-42
-33
-21
-11
0
3
10
18
23
33
41
45
48
49
36
25
11
1
-2
1
16
19
15
-5
-18
-16
-1
3
-3
-18
-30
-41
-54
-50
-39
-15
-2
3
-1
-11
-12
-15
-9
2
18
40
46
42
38
41
39
35
28
29
35
38
42
50
51
47
45
40
36
22
18
19
28
26
25
21
32
44
43
47
47
36
38
44
57
66
64
61
57
65
54
37
30
22
24
35
49
64
73
72
72
72
74
64
46
34
35
39
46
56
55
55
35
13
-2
-2
-13
-16
-22
-24
-17
-22
-36
-54
-56
-40
-40
-42
-41
-43
-39
-39
-37
-37
-35
-31
-17
-12
-17
-23
-21
-9
7
12
10
12
2
-11
-24
-27
-21
-11
5
15
19
10
8
5
8
-5
-15
-4
13
30
42
46
31
23
12
5
14
18
20
31
43
60
77
91
94
87
73
61
52
49
47
49
51
61
71
83
85
80
69
50
49
44
49
54
66
80
101
109
107
97
84
88
92
114
124
133
135
134
117
87
79
86
100
120
122
127
125
120
115
104
103
94
91
97
96
89
84
82
72
62
43
33
25
20
20
25
33
41
49
44
36
26
11
1
0
8
15
14
5
-9
-20
-15
-3
-1
-4
-19
-15
-18
-26
-33
-42
-42
-33
-17
-3
6
12
20
8
-7
-12
-9
-4
3
1
-9
-3
5
14
12
6
-1
-10
-22
-31
-23
-25
-19
-9
-10
-9
-25
-10
3
14
32
39
50
52
45
39
37
32
24
27
34
39
42
34
40
43
46
48
39
23
8
9
15
18
17
9
9
3
-7
-20
-24
-25
-20
-10
-11
-19
-15
-10
-4
-3
-3
4
11
22
18
28
25
12
-4
-20
-36
-35
-32
-39
-42
-49
-48
-50
-51
-49
-39
-28
-26
-26
-28
-37
-40
-49
-69
-76
-88
-90
-105
-120
-120
-114
-111
-108
-112
-115
-107
-109
-96
-97
-87
-95
-110
-117
-121
-127
-131
-123
-117
-115
-115
-108
-112
-118
-119
-117
-105
-82
-69
-57
-49
-51
-58
-73
-89
-101
-102
-98
-90
-77
-64
-58
-54
-50
-52
-38
-18
4
9
10
-3
-16
-19
-20
2
12
17
16
-1
-13
-20
-31
-22
-15
-3
13
19
24
16
-3
-17
-20
-11
4
1
-3
14
29
34
33
33
43
60
63
59
42
27
26
15
12
12
9
12
8
21
32
28
27
24
22
16
15
21
31
51
65
67
56
24
-5
-26
-50
-60
-54
-30
-12
14
25
32
29
12
-2
-18
-5
-6
-10
-12
-8
4
11
13
-3
-14
-34
-48
-64
-67
-62
-60
-52
-40
-26
-26
-31
-29
-37
-32
-26
-26
-20
-14
-19
-27
-15
0
6
8
9
12
24
20
21
18
27
38
48
43
29
22
7
11
-3
-5
-7
-6
-10
-21
-37
-48
-42
-32
-15
-13
-23
-30
-38
-34
-25
-8
5
12
24
24
36
32
29
21
14
17
24
26
31
41
33
39
47
52
60
60
59
34
23
14
19
18
12
6
-4
0
11
19
18
15
4
3
7
8
11
13
17
17
8
11
15
25
15
2
-17
-37
-49
-54
-48
-36
-22
-13
5
15
8
-5
-29
-44
-50
-50
-42
-49
-51
-52
-53
-44
-46
-35
-25
-20
-16
-13
-3
10
9
10
7
10
25
24
27
25
21
2
-21
-27
-23
-6
0
14
23
27
39
49
47
37
33
28
23
26
35
40
42
40
18
-2
-13
-25
-17
3
27
40
43
38
31
20
9
14
13
7
-5
-20
-25
-21
-26
-30
-25
-18
-13
-18
-37
-31
-20
-11
-9
-27
-46
-60
-59
-58
-55
-45
-36
-25
-10
-4
-16
-38
-49
-49
-43
-32
-25
-18
-15
-12
-13
-12
-7
-3
11
8
2
0
-12
-18
-16
-9
-19
-18
-28
-54
-69
-88
-97
-104
-96
-73
-53
-47
-66
-76
-89
-92
-88
-91
-79
-63
-45
-35
-29
-21
-12
-12
-5
5
14
11
10
-1
-9
-14
-19
-16
-24
-31
-44
-37
-37
-48
-49
-37
-22
-6
-5
-6
-14
-20
-9
-8
1
6
1
0
-14
-24
-24
-19
0
11
25
31
25
15
5
11
26
32
28
32
40
50
48
22
-4
-24
-35
-36
-42
-41
-55
-68
-80
-85
-99
-103
-95
-90
-70
-45
-28
-21
-22
-36
-49
-53
-54
-52
-59
-71
-62
-48
-36
-32
-26
-15
-18
-20
-18
-17
-15
-17
-20
-15
-15
-35
-39
-33
-27
-18
-24
-44
-60
-58
-52
-36
-25
-31
-49
-75
-87
-88
-89
-87
-76
-62
-49
-44
-50
-57
-63
-65
-54
-45
-44
-44
-43
-40
-41
-35
-37
-25
-17
-21
-33
-46
-62
-70
-76
-70
-60
-67
-71
-73
-65
-55
-53
-52
-50
-44
-30
-14
5
30
40
46
36
20
3
-4
5
17
31
41
45
43
39
32
36
27
21
3
-14
-18
-17
-25
-33
-45
-61
-71
-81
-98
-107
-103
-94
-86
-93
-96
-93
-85
-73
-58
-54
-45
-45
-38
-28
-39
-45
-60
-57
-45
-32
-41
-59
-80
-85
-88
-89
-92
-101
-103
-96
-83
-82
-75
-98
-108
-97
-86
-71
-68
-68
-63
-59
-70
-83
-90
-101
-108
-106
-102
-107
-125
-145
-153
-151
-155
-163
-169
-164
-158
-156
-145
-138
-129
-118
-106
-102
-86
-67
-49
-26
-15
-1
19
18
18
31
42
46
36
27
25
37
29
18
7
16
30
38
41
27
22
32
40
37
32
25
31
41
49
49
49
52
55
52
54
66
62
53
58
78
88
89
91
92
106
114
127
142
157
164
169
163
148
141
130
139
151
148
139
141
149
165
162
163
176
186
208
220
214
211
218
231
245
259
271
285
285
281
282
281
278
274
268
256
251
231
210
197
198
199
193
172
136
114
107
126
140
149
148
140
136
128
115
107
94
90
82
74
69
64
57
58
63
61
71
78
70
61
60
65
74
75
81
72
71
63
54
57
49
35
26
10
-6
-19
-38
-41
-32
-14
-5
1
6
19
31
34
54
72
92
106
114
123
137
146
151
145
137
118
98
90
77
73
61
31
4
-16
-36
-37
-41
-50
-60
-61
-53
-31
-19
-13
-14
2
11
11
11
17
30
47
58
58
52
45
47
40
36
20
6
-3
-4
2
13
6
11
30
32
40
35
21
26
25
10
-2
-3
0
12
21
24
26
14
6
-6
-14
-10
-8
-1
1
-14
-27
-34
-23
-12
-14
-21
-31
-44
-60
-72
-87
-94
-85
-82
-75
-63
-55
-47
-50
-68
-68
-67
-63
-51
-39
-31
-34
-55
-72
-73
-68
-59
-67
-68
-78
-82
-77
-78
-81
-89
-78
-71
-57
-65
-63
-57
-58
-60
-51
-33
-38
-43
-49
-54
-62
-73
-74
-77
-78
-78
-73
-59
-44
-36
-28
-23
-18
-1
13
26
37
43
47
53
42
24
9
3
6
-1
6
-8
-28
-43
-44
-26
-20
-26
-24
-19
-17
-11
-3
29
60
77
80
66
48
38
41
51
62
65
57
39
22
19
18
6
5
6
22
40
36
37
48
67
82
99
133
144
147
132
107
94
84
95
110
123
123
117
113
110
111
111
118
123
104
81
69
57
46
37
31
29
37
39
37
35
31
29
27
23
21
27
45
56
60
70
76
76
73
73
74
80
86
91
93
92
97
99
83
66
57
49
39
28
23
29
30
32
36
38
42
61
75
90
85
76
83
87
93
94
107
107
106
100
103
122
133
147
145
143
156
164
169
180
183
186
192
189
174
153
152
153
157
156
155
170
179
179
180
169
170
170
172
183
203
225
238
246
256
263
261
241
225
215
223
234
231
227
213
208
194
173
150
133
131
142
169
189
184
173
162
167
178
181
190
200
208
201
192
180
172
173
190
204
191
163
130
109
96
89
95
93
95
90
85
82
77
79
75
77
68
66
70
78
83
86
82
70
57
37
42
62
77
78
72
79
85
81
83
86
99
96
83
76
90
114
131
131
124
116
113
109
107
106
102
110
102
88
79
89
114
116
112
105
97
107
117
121
112
116
127
137
135
121
119
120
115
105
75
55
42
31
26
34
46
58
65
65
68
66
57
55
66
69
71
69
72
86
91
93
86
70
44
28
16
14
16
18
16
-12
-36
-61
-67
-61
-62
-73
-88
-107
-124
-117
-94
-88
-101
-112
-108
-98
-84
-84
-81
-102
-111
-119
-123
-113
-102
-93
-98
-101
-102
-111
-121
-123
-112
-99
-102
-122
-128
-124
-119
-109
-111
-115
-127
-139
-151
-154
-157
-175
-202
-232
-245
-247
-249
-258
-259
-270
-276
-274
-266
-257
-255
-255
-250
-237
-231
-224
-213
-200
-185
-167
-158
-159
-161
-160
-157
-156
-151
-160
-167
-189
-219
-238
-252
-258
-252
-256
-271
-289
-304
-315
-325
-319
-321
-322
-323
-316
-293
-277
-257
-251
-262
-258
-254
-242
-222
-217
-225
-237
-246
-251
-248
-257
-257
-255
-258
-273
-290
-290
-278
-271
-269
-268
-264
-261
-252
-243
-227
-206
-184
-184
-184
-177
-167
-161
-151
-152
-169
-176
-191
-202
-218
-215
-217
-207
-203
-219
-219
-216
-214
-225
-235
-239
-253
-259
-269
-285
-286
-287
-294
-300
-291
-278
-270
-271
-282
-304
-315
-308
-297
-291
-290
-290
-298
-323
-336
-343
-340
-340
-346
-345
-359
-354
-334
-328
-313
-306
-310
-307
-311
-301
-287
-272
-270
-286
-305
-314
-317
-306
-299
-294
-296
-300
-293
-281
-276
-277
-266
-248
-244
-232
-221
-195
-156
-128
-109
-108
-109
-103
-85
-64
-43
-48
-67
-91
-97
-86
-64
-39
-13
-8
-14
-17
-18
2
30
55
56
54
51
55
85
121
140
151
132
115
110
103
114
111
99
81
68
59
64
76
77
66
61
71
77
76
78
86
108
116
122
146
172
194
190
179
165
160
167
172
173
161
138
127
126
126
131
128
125
112
91
82
90
106
111
130
153
164
161
142
160
183
190
177
156
149
132
134
133
142
145
138
127
113
122
132
147
157
150
141
128
129
141
162
185
179
172
141
121
133
160
177
175
178
173
152
144
149
158
179
173
154
140
144
164
187
189
182
184
186
184
181
181
182
179
171
164
158
166
183
204
218
208
192
181
182
174
171
175
174
172
170
184
188
194
181
168
151
139
139
137
150
162
160
155
157
168
176
176
176
171
172
172
184
197
209
201
185
179
155
146
149
157
162
163
138
102
82
81
94
103
105
105
104
91
85
88
83
68
45
36
26
19
18
19
18
0
-12
-24
-35
-20
-13
-24
-37
-42
-42
-34
-15
4
13
2
-21
-31
-23
-13
-6
-17
-26
-42
-49
-44
-35
-29
-43
-59
-76
-81
-90
-91
-93
-94
-112
-137
-145
-138
-133
-146
-146
-152
-160
-170
-161
-140
-117
-96
-86
-80
-69
-46
-32
-19
5
17
23
26
21
28
28
32
28
17
2
-13
-24
-30
-35
-29
-6
11
22
20
27
22
22
29
36
41
39
27
8
8
2
-12
-39
-56
-64
-57
-68
-75
-61
-52
-32
-28
-32
-35
-51
-59
-59
-73
-95
-97
-73
-54
-41
-42
-42
-29
-10
12
38
41
27
8
-7
-5
13
22
20
19
5
-12
-25
-33
-25
-17
-12
-11
-15
-13
-4
6
6
4
-2
-5
-12
-17
-2
14
20
7
-6
-14
-16
-7
13
37
72
90
97
109
121
138
146
159
147
132
126
112
104
99
109
116
106
90
76
59
38
25
14
4
3
6
16
19
16
18
20
14
9
5
7
20
31
41
50
72
95
103
101
104
112
114
125
134
142
132
123
113
107
120
136
142
132
108
85
64
45
29
-7
-29
-41
-52
-58
-68
-78
-97
-138
-180
-210
-225
-241
-238
-231
-224
-220
-225
-230
-243
-245
-231
-219
-206
-191
-188
-171
-150
-118
-86
-64
-52
-42
-30
-37
-30
-13
8
23
38
39
48
52
52
49
54
69
77
81
97
120
123
122
110
96
85
86
91
77
50
20
14
7
-1
-13
-35
-45
-58
-73
-82
-75
-84
-90
-89
-85
-70
-67
-61
-54
-57
-78
-102
-100
-94
-87
-80
-99
-131
-157
-167
-168
-164
-173
-188
-200
-213
-208
-213
-230
-240
-265
-279
-281
-273
-262
-249
-237
-235
-241
-251
-268
-283
-286
-286
-285
-286
-285
-278
-265
-261
-265
-276
-285
-286
-277
-263
-251
-231
-224
-209
-209
-202
-196
-181
-165
-147
-156
-174
-182
-174
-149
-138
-122
-123
-145
-152
-162
-162
-155
-147
-138
-140
-156
-162
-165
-178
-185
-195
-201
-199
-190
-194
-188
-190
-185
-190
-197
-198
-194
-177
-163
-151
-143
-135
-130
-128
-123
-104
-99
-104
-124
-145
-151
-136
-128
-126
-128
-131
-133
-139
-136
-126
-123
-136
-140
-146
-142
-135
-141
-147
-152
-159
-155
-143
-135
-127
-125
-128
-116
-102
-84
-65
-62
-59
-62
-78
-84
-82
-75
-60
-55
-50
-39
-33
-27
-10
0
-3
-1
0
9
26
39
42
47
47
47
58
73
92
108
115
119
125
122
113
112
119
116
107
98
87
79
72
53
34
33
37
34
32
43
46
56
60
50
48
36
29
28
44
54
61
53
41
44
52
55
51
42
34
33
37
43
44
31
15
8
8
5
-1
2
9
12
6
-8
-13
-17
-27
-36
-35
-30
-36
-48
-63
-72
-78
-82
-95
-105
-105
-97
-78
-62
-45
-38
-46
-48
-50
-47
-35
-29
-38
-45
-36
-36
-34
-41
-48
-59
-73
-76
-85
-99
-112
-118
-121
-120
-102
-105
-109
-108
-107
-96
-87
-85
-73
-52
-20
-3
5
12
14
13
7
6
13
30
50
51
37
13
-2
-3
7
13
21
22
8
0
-19
-41
-49
-56
-51
-43
-42
-48
-35
-8
14
19
22
33
47
58
61
54
50
50
63
79
104
108
95
85
72
66
47
39
30
15
15
5
-2
-13
-7
0
9
22
34
43
51
56
56
71
90
114
116
105
101
86
75
62
59
69
83
96
85
80
69
74
82
82
101
112
114
111
115
122
118
117
105
96
98
98
92
91
89
85
87
95
107
119
130
118
102
94
94
100
118
119
120
122
125
126
128
128
121
119
102
86
72
77
95
106
120
125
121
122
118
116
117
125
129
135
139
154
176
190
195
187
189
198
222
232
241
251
251
247
231
222
213
212
214
209
207
203
210
212
209
207
191
174
169
157
151
153
158
168
191
197
203
197
195
195
194
205
218
230
240
244
236
249
260
269
263
256
250
239
234
226
223
217
197
184
165
159
157
165
177
183
181
169
155
139
148
159
163
178
183
177
174
177
178
174
166
162
163
159
155
153
144
147
146
150
149
138
132
126
124
123
125
126
130
134
134
153
169
173
172
162
157
142
144
144
134
112
103
107
120
128
118
107
96
97
95
106
96
89
92
101
105
100
81
67
59
67
82
92
98
95
107
115
110
97
98
95
97
87
89
89
74
67
59
62
50
46
46
46
36
23
26
29
36
35
43
43
31
32
40
42
39
43
35
31
26
12
-16
-36
-35
-27
-27
-25
-20
-15
-9
3
-3
-11
-19
-23
-11
-4
4
10
21
23
21
15
-4
-18
-30
-49
-62
-73
-84
-82
-78
-73
-75
-87
-82
-75
-71
-70
-67
-65
-62
-58
-50
-41
-22
4
13
6
1
-3
0
1
-4
-11
-13
-15
-18
-20
-19
-19
-18
-23
-50
-67
-81
-89
-95
-80
-62
-46
-39
-37
-40
-60
-75
-80
-67
-61
-54
-53
-64
-63
-56
-37
-23
-11
-16
-28
-31
-33
-31
-33
-31
-30
-29
-30
-41
-46
-50
-36
-16
-13
-8
-2
-8
-6
-2
-1
15
19
32
28
30
18
12
19
16
7
-3
-15
-9
-1
10
15
8
1
-10
-2
5
21
7
-2
-8
-5
-6
7
14
4
4
0
-2
-11
-20
-28
-32
-25
-17
1
12
16
12
8
8
8
13
18
26
35
36
44
56
64
71
64
44
29
25
22
25
35
46
57
57
42
17
5
0
17
29
31
40
30
32
33
35
25
27
28
27
39
43
33
25
21
20
32
30
34
39
43
53
70
71
67
68
74
74
67
60
49
47
48
62
69
75
69
55
44
43
33
36
45
46
40
25
12
1
13
30
44
44
43
55
70
77
70
69
65
76
84
89
91
83
86
92
93
98
100
95
99
105
101
92
70
53
48
43
50
65
85
90
94
99
102
105
112
117
121
122
119
116
123
132
