SAMPLES:	20206
BITSPERSAMPLE:	16
CHANNELS:	1
SAMPLERATE:	16000
NORMALIZED:	FALSE
-217
-224
-228
-227
-230
-227
-232
-225
-232
-224
-232
-247
-241
-250
-243
-247
-264
-257
-261
-256
-252
-256
-252
-252
-240
-242
-241
-250
-254
-255
-260
-247
-256
-249
-245
-244
-234
-236
-246
-245
-241
-247
-243
-257
-262
-252
-245
-244
-247
-257
-254
-243
-242
-243
-254
-264
-260
-266
-266
-275
-275
-270
-273
-274
-277
-270
-269
-281
-281
-273
-266
-258
-261
-263
-246
-242
-239
-240
-229
-223
-237
-229
-230
-225
-223
-229
-228
-214
-221
-227
-234
-230
-229
-233
-235
-233
-240
-261
-256
-255
-251
-247
-249
-249
-250
-255
-245
-242
-236
-234
-242
-235
-235
-221
-230
-234
-228
-231
-231
-231
-224
-221
-220
-231
-230
-218
-219
-210
-220
-225
-209
-209
-216
-219
-213
-213
-217
-216
-218
-219
-231
-235
-222
-218
-212
-212
-212
-209
-213
-220
-203
-190
-192
-201
-210
-200
-184
-181
-184
-184
-183
-178
-160
-166
-176
-178
-180
-174
-171
-165
-188
-182
-179
-186
-188
-197
-192
-187
-186
-188
-174
-183
-180
-177
-173
-174
-167
-172
-170
-156
-146
-145
-145
-138
-133
-124
-137
-138
-138
-127
-113
-101
-107
-115
-121
-114
-108
-107
-110
-123
-121
-119
-123
-122
-118
-121
-117
-124
-116
-117
-128
-123
-130
-132
-124
-120
-118
-111
-104
-120
-115
-109
-111
-97
-97
-102
-101
-94
-89
-74
-88
-88
-72
-72
-74
-73
-80
-87
-82
-83
-79
-90
-92
-92
-81
-75
-81
-99
-102
-91
-88
-74
-76
-73
-73
-74
-61
-46
-52
-48
-46
-57
-51
-48
-39
-40
-41
-47
-56
-51
-44
-36
-26
-14
-17
-20
-34
-27
-25
-24
-30
-26
-8
-20
-18
-18
-10
4
3
-6
-17
-9
-3
-4
-15
-10
-23
-29
-13
-15
-2
8
15
11
14
16
22
33
28
25
16
27
30
29
21
21
32
30
16
23
32
26
41
29
33
46
51
59
59
59
53
51
45
53
53
48
40
45
65
68
70
73
75
78
89
80
94
88
88
84
91
85
70
72
74
90
89
83
66
74
90
90
91
84
85
77
77
83
98
105
93
93
96
113
125
130
125
119
117
108
113
113
113
125
122
121
125
129
137
136
138
139
145
140
131
131
129
122
114
120
115
102
100
114
118
108
112
134
148
150
155
151
151
153
157
158
160
165
173
180
185
178
183
191
184
167
163
165
174
162
161
169
167
180
185
182
181
190
190
185
191
204
210
218
209
198
205
208
216
213
220
211
212
210
195
207
211
219
228
217
215
230
224
224
223
222
222
221
238
233
231
232
238
235
219
200
206
213
216
210
190
203
206
214
213
211
211
227
234
244
247
246
254
254
246
236
245
250
255
251
256
265
273
276
261
263
271
275
268
257
262
258
260
257
251
257
262
261
263
256
249
255
254
252
249
238
238
251
259
264
256
259
270
264
264
269
269
276
283
284
278
268
260
267
286
278
266
253
258
269
258
245
241
254
256
256
251
245
248
242
244
252
251
262
263
267
269
276
286
299
302
296
305
307
304
306
301
290
299
295
295
285
277
282
289
288
286
286
283
280
275
270
258
252
247
254
262
264
265
245
242
251
255
252
255
255
265
265
270
274
274
297
302
300
301
296
286
284
288
299
291
289
287
285
286
291
295
292
280
283
297
293
292
288
276
270
267
263
260
252
239
252
263
259
255
250
247
256
244
243
242
236
245
245
249
246
236
240
254
261
246
226
228
241
224
226
232
224
229
237
236
239
240
246
253
241
241
239
241
236
223
228
231
230
232
220
237
248
247
250
245
240
246
253
247
232
230
224
230
234
219
215
213
212
213
214
212
213
211
204
204
207
208
208
207
209
217
221
208
211
214
211
216
210
215
229
239
238
215
209
214
208
204
207
201
186
186
183
187
182
184
187
189
188
185
177
175
182
175
177
166
157
151
141
151
160
159
163
157
155
155
160
164
174
165
155
150
152
155
149
143
140
150
150
152
147
142
158
144
133
127
125
122
120
105
103
111
115
112
104
97
80
87
83
92
87
88
87
86
83
93
85
78
88
97
100
89
107
127
130
115
110
109
114
116
109
105
98
96
93
100
105
89
81
74
71
62
58
50
51
49
45
44
36
40
32
36
38
38
42
40
32
32
27
27
20
23
36
46
49
39
41
46
47
53
54
48
38
37
36
28
18
27
34
32
22
14
19
17
18
17
4
25
32
25
22
2
-1
2
6
12
17
9
3
6
0
1
-4
-9
-16
-15
-11
-13
-14
-27
-25
-31
-32
-24
-38
-44
-49
-61
-57
-65
-75
-66
-60
-82
-64
-53
-48
-44
-48
-54
-49
-51
-61
-61
-68
-72
-67
-54
-62
-63
-62
-63
-45
-52
-55
-56
-60
-56
-53
-65
-84
-83
-84
-72
-75
-75
-83
-103
-111
-119
-119
-124
-126
-124
-133
-128
-129
-115
-107
-110
-114
-123
-119
-126
-129
-128
-128
-131
-119
-122
-114
-121
-117
-123
-110
-118
-126
-113
-110
-111
-123
-134
-140
-141
-139
-143
-156
-158
-159
-145
-140
-126
-118
-96
-90
-93
-110
-110
-120
-122
-123
-128
-131
-149
-146
-148
-139
-131
-143
-150
-150
-155
-156
-140
-135
-143
-146
-156
-152
-156
-157
-162
-166
-165
-178
-178
-173
-165
-164
-173
-174
-173
-171
-165
-174
-182
-186
-182
-174
-182
-171
-178
-167
-170
-173
-168
-166
-172
-170
-168
-180
-178
-171
-174
-183
-186
-191
-185
-194
-196
-191
-195
-201
-192
-187
-185
-191
-202
-206
-208
-196
-195
-192
-192
-189
-191
-196
-207
-205
-212
-218
-208
-207
-209
-207
-206
-213
-204
-199
-199
-205
-202
-206
-223
-224
-233
-239
-237
-232
-235
-223
-214
-219
-227
-232
-233
-239
-248
-240
-243
-235
-245
-248
-229
-234
-239
-223
-208
-213
-206
-211
-213
-199
-186
-200
-208
-207
-200
-194
-209
-217
-206
-202
-200
-202
-211
-214
-220
-217
-224
-225
-232
-233
-236
-230
-227
-240
-236
-241
-230
-207
-211
-216
-217
-213
-217
-215
-212
-216
-228
-239
-230
-214
-212
-217
-208
-207
-219
-204
-201
-210
-201
-201
-191
-206
-202
-201
-211
-202
-190
-191
-185
-196
-197
-195
-208
-205
-204
-205
-211
-218
-200
-209
-212
-211
-219
-229
-224
-230
-227
-208
-211
-216
-224
-211
-210
-203
-208
-210
-213
-221
-217
-223
-217
-213
-220
-217
-206
-209
-213
-203
-215
-221
-216
-216
-214
-209
-207
-199
-198
-206
-208
-212
-192
-188
-186
-202
-193
-185
-191
-185
-191
-179
-184
-193
-198
-189
-196
-190
-189
-194
-191
-195
-184
-185
-183
-182
-175
-172
-188
-210
-215
-210
-199
-196
-193
-191
-198
-188
-186
-187
-189
-182
-184
-196
-193
-195
-184
-177
-172
-176
-177
-176
-172
-168
-158
-170
-179
-168
-165
-163
-167
-161
-158
-158
-165
-163
-156
-155
-148
-151
-149
-148
-149
-153
-157
-154
-154
-144
-141
-148
-156
-148
-136
-143
-147
-151
-169
-167
-165
-164
-159
-153
-149
-157
-153
-142
-131
-128
-120
-118
-121
-120
-120
-129
-134
-128
-114
-120
-126
-126
-124
-122
-127
-129
-122
-117
-118
-117
-126
-118
-120
-118
-119
-120
-112
-115
-115
-111
-114
-110
-115
-116
-102
-111
-115
-116
-105
-92
-87
-92
-104
-95
-86
-84
-88
-99
-105
-111
-102
-95
-98
-92
-84
-93
-84
-74
-77
-84
-83
-85
-84
-82
-87
-86
-82
-78
-76
-67
-62
-59
-63
-69
-64
-72
-77
-71
-70
-74
-70
-64
-66
-60
-75
-75
-64
-64
-56
-62
-62
-53
-57
-51
-45
-53
-52
-48
-43
-42
-43
-45
-50
-45
-34
-31
-33
-33
-33
-32
-23
-32
-23
-22
-23
-22
-18
-10
-12
-20
-15
-12
-15
-10
-12
-9
-12
-6
-1
8
5
1
-6
-6
-2
-2
5
-3
-7
-15
-12
-2
3
1
4
1
-4
-3
4
0
13
3
3
12
12
19
21
11
17
18
18
24
15
13
12
11
14
16
19
25
30
34
24
22
24
27
32
34
28
27
40
37
31
31
34
43
45
27
17
32
45
59
55
43
48
48
55
54
48
54
43
46
43
41
55
53
47
56
68
65
62
55
48
56
63
52
50
50
51
49
43
42
48
44
33
37
45
49
51
57
63
65
66
63
69
65
65
73
67
75
58
60
61
54
53
67
85
92
84
84
87
85
81
75
77
81
91
101
115
111
104
104
108
100
88
82
84
82
79
77
73
76
71
70
78
89
93
86
86
85
92
103
102
107
103
104
95
93
105
100
102
101
100
102
114
107
102
106
109
108
107
107
111
112
108
120
120
114
106
105
121
135
139
124
127
121
129
135
129
124
127
127
123
125
115
120
120
129
118
118
116
118
114
113
107
100
107
116
114
111
103
103
109
110
113
113
110
111
102
107
115
116
119
121
116
114
124
119
126
127
133
129
129
129
133
132
132
133
127
111
105
114
115
113
117
113
113
119
116
126
129
131
119
123
130
136
140
141
143
126
121
122
136
138
141
131
129
132
135
142
136
137
134
138
145
138
131
139
141
141
147
148
159
155
151
147
139
138
122
119
118
131
141
141
145
136
130
132
137
145
144
145
144
139
130
132
130
143
148
141
137
142
151
151
143
136
136
138
132
129
137
146
148
143
131
124
136
144
138
140
157
157
154
142
140
142
152
150
137
144
143
141
129
122
126
119
120
124
131
131
124
112
111
117
122
122
111
110
122
121
123
120
122
126
124
124
128
133
132
128
116
118
121
124
124
128
131
127
126
119
115
116
116
113
110
103
99
110
109
107
103
109
113
103
109
111
110
107
105
106
100
94
86
92
100
108
105
85
81
82
106
119
116
116
113
106
101
104
98
104
98
93
91
89
91
93
94
94
102
97
111
116
111
106
102
91
86
100
104
108
108
105
99
99
103
98
96
98
95
96
95
92
94
96
94
101
85
85
90
88
83
87
90
73
73
82
92
81
74
83
85
78
83
82
84
90
75
67
71
73
74
73
67
77
74
70
75
76
77
69
74
64
61
71
71
66
61
59
55
57
65
61
60
52
50
53
49
47
48
47
40
36
44
58
58
45
42
39
53
63
56
44
39
39
43
42
44
43
49
47
43
60
63
56
57
54
53
46
41
36
36
43
40
42
45
48
53
49
41
29
37
43
33
29
13
16
19
21
20
7
9
13
16
14
24
23
24
26
26
24
23
31
23
31
29
35
36
33
34
28
40
38
25
16
20
14
8
-5
-1
0
-4
-2
-4
-7
-10
0
-2
-6
-11
-9
-8
-14
-20
-14
-15
-15
0
0
-1
-2
-1
7
4
-9
-11
-12
-13
1
-1
-2
-3
-6
-6
0
1
6
-1
-13
-1
-2
-7
-8
-13
-12
-7
-10
-17
-18
-15
-14
-16
-15
-20
-16
-17
-25
-26
-33
-25
-15
-11
-12
-29
-28
-24
-24
-23
-34
-51
-50
-41
-36
-40
-51
-56
-58
-54
-45
-43
-33
-37
-39
-31
-27
-23
-33
-38
-38
-35
-25
-28
-27
-27
-31
-25
-26
-27
-25
-25
-24
-29
-33
-36
-41
-39
-38
-44
-52
-49
-51
-41
-34
-39
-32
-35
-40
-48
-52
-45
-56
-62
-61
-68
-67
-68
-73
-74
-67
-65
-66
-65
-75
-73
-65
-68
-67
-59
-57
-54
-43
-45
-53
-63
-58
-62
-58
-57
-68
-68
-59
-60
-58
-54
-52
-47
-49
-52
-50
-55
-58
-52
-63
-67
-56
-54
-62
-63
-64
-68
-60
-55
-61
-55
-58
-64
-57
-55
-57
-67
-75
-74
-72
-81
-77
-74
-89
-77
-70
-71
-82
-79
-69
-64
-62
-63
-68
-66
-59
-61
-58
-64
-71
-80
-82
-87
-75
-77
-82
-76
-66
-63
-60
-53
-55
-60
-60
-69
-71
-68
-77
-74
-83
-84
-79
-66
-71
-75
-84
-80
-78
-79
-80
-83
-86
-80
-70
-74
-73
-67
-75
-82
-81
-87
-87
-89
-88
-89
-78
-74
-82
-75
-82
-75
-81
-81
-82
-92
-84
-84
-79
-90
-96
-99
-92
-91
-93
-87
-89
-82
-81
-82
-87
-86
-89
-89
-88
-94
-94
-85
-87
-91
-93
-93
-98
-99
-96
-88
-88
-92
-81
-83
-72
-68
-68
-75
-75
-75
-77
-77
-81
-74
-64
-65
-70
-70
-82
-73
-69
-68
-72
-80
-83
-92
-99
-97
-94
-98
-106
-99
-90
-85
-78
-85
-88
-93
-88
-73
-64
-68
-70
-69
-82
-76
-67
-68
-74
-73
-83
-75
-65
-77
-72
-74
-66
-72
-73
-79
-74
-69
-71
-71
-76
-69
-65
-72
-77
-71
-69
-73
-69
-68
-72
-74
-74
-77
-74
-74
-72
-69
-73
-80
-84
-88
-89
-90
-90
-83
-81
-80
-84
-91
-80
-72
-71
-76
-79
-74
-70
-82
-82
-76
-81
-82
-90
-84
-75
-73
-89
-79
-72
-86
-84
-83
-65
-56
-68
-76
-76
-78
-73
-70
-71
-79
-67
-64
-64
-66
-75
-71
-73
-76
-77
-89
-79
-77
-76
-77
-72
-66
-64
-74
-79
-69
-76
-74
-85
-88
-75
-67
-62
-72
-93
-91
-74
-76
-82
-101
-88
-66
-81
-89
-89
-86
-74
-83
-84
-73
-60
-46
-55
-86
-83
-60
-54
-67
-74
-56
-60
-77
-85
-83
-74
-57
-69
-85
-75
-65
-68
-75
-77
-76
-68
-75
-80
-81
-81
-83
-80
-76
-81
-82
-64
-66
-75
-74
-69
-56
-56
-61
-71
-72
-66
-74
-73
-70
-59
-57
-61
-64
-68
-50
-45
-46
-53
-36
-44
-52
-47
-56
-59
-76
-68
-60
-65
-74
-85
-80
-78
-82
-81
-82
-66
-65
-76
-79
-68
-59
-69
-67
-61
-47
-53
-59
-75
-62
-60
-57
-61
-64
-54
-52
-56
-73
-60
-64
-71
-78
-74
-75
-71
-71
-70
-67
-71
-66
-63
-50
-46
-52
-50
-47
-54
-49
-49
-52
-62
-62
-59
-55
-58
-61
-59
-61
-61
-64
-60
-60
-45
-45
-67
-64
-52
-54
-49
-54
-63
-63
-60
-77
-73
-65
-58
-55
-57
-65
-69
-58
-55
-62
-60
-62
-64
-53
-43
-36
-43
-41
-52
-48
-48
-56
-43
-36
-41
-47
-56
-46
-34
-33
-43
-59
-54
-40
-33
-33
-51
-55
-49
-49
-44
-29
-32
-53
-58
-48
-56
-38
-47
-56
-49
-38
-31
-37
-40
-50
-46
-32
-31
-36
-39
-35
-23
-16
-10
-20
-20
-1
9
-1
-14
-13
-2
-14
-28
-31
-30
-15
-27
-43
-42
-37
-38
-44
-44
-39
-32
-37
-54
-45
-34
-32
-36
-48
-50
-42
-21
-4
-27
-37
-32
-17
-9
-27
-37
-42
-35
-31
-21
-53
-57
-35
-34
-39
-21
-17
-17
-14
-14
-18
-16
-15
-32
-37
-23
0
-2
-7
-9
-12
-8
-5
-20
-24
-37
-29
-28
-21
-19
-23
-21
-19
-3
-7
-3
4
-6
-15
-8
-12
-11
-10
-16
-30
-34
-19
-14
-25
-34
-31
-20
-11
-12
-14
-18
-15
-25
-32
-23
-27
-18
-30
-24
-11
-4
-18
-22
-16
-12
-4
13
11
-2
-10
-4
5
10
2
-4
1
13
30
23
14
29
33
34
21
19
23
5
7
6
0
13
7
3
9
10
5
3
6
3
5
10
3
-7
-2
13
23
8
3
10
24
24
31
21
7
12
20
17
13
32
22
15
9
16
9
5
-5
-18
3
10
-3
4
13
9
14
26
26
15
6
3
15
22
15
0
-2
9
13
15
14
17
12
7
6
22
26
19
7
4
17
20
14
0
12
16
13
3
10
17
9
23
23
15
17
20
13
19
27
29
25
17
19
16
9
18
11
12
18
14
13
7
12
5
5
16
23
25
24
26
19
12
13
15
19
17
15
14
26
45
51
47
38
38
39
32
31
29
31
37
42
35
36
37
24
26
47
52
52
51
44
55
54
46
58
61
62
68
43
38
49
48
51
65
78
52
29
21
42
45
47
53
61
74
70
60
57
56
60
66
63
63
64
61
48
57
68
67
71
61
65
55
52
53
43
47
49
47
48
52
55
58
54
49
38
39
49
52
54
57
53
53
50
50
38
38
30
34
42
31
36
37
55
46
35
35
43
40
41
50
41
35
49
51
41
52
46
39
40
43
57
68
75
77
81
87
81
73
72
67
58
64
67
71
69
56
70
64
60
69
63
70
82
78
72
68
64
70
73
77
73
63
50
58
56
52
58
57
67
61
51
53
52
60
52
49
52
56
68
58
59
50
44
48
48
54
52
61
71
70
66
70
92
106
105
94
105
104
103
114
120
116
118
120
90
92
101
105
102
97
91
92
91
93
91
86
89
78
87
106
111
100
89
79
78
102
108
99
84
80
89
103
106
98
99
98
100
96
82
76
78
89
81
90
92
78
78
86
90
92
98
80
67
78
79
75
85
84
81
92
94
86
78
88
92
98
84
65
77
84
89
94
97
85
63
55
64
88
103
77
66
58
64
80
87
79
76
83
78
84
81
84
93
81
83
79
77
75
74
91
98
102
96
99
95
91
87
78
80
97
87
66
81
96
102
95
76
84
100
101
96
92
83
73
75
90
93
90
85
86
93
93
99
96
96
110
101
90
94
96
107
109
104
105
120
112
113
114
112
120
115
107
100
103
96
96
93
101
110
103
94
84
85
89
79
91
106
102
104
90
97
99
94
97
99
97
94
107
112
107
93
90
88
88
96
92
96
100
99
90
90
98
87
96
92
95
94
87
84
75
82
92
92
94
89
77
88
89
88
99
90
91
88
98
80
72
68
66
76
82
85
83
80
75
71
67
64
63
66
77
80
74
86
93
88
79
78
88
73
60
79
81
73
85
90
82
78
76
75
87
95
80
75
75
85
89
87
92
86
84
78
76
81
77
77
92
99
103
94
105
97
102
103
90
87
84
102
116
116
98
93
93
89
86
77
68
78
76
82
92
85
95
86
87
85
81
94
99
93
92
107
111
114
97
105
104
112
118
96
81
86
111
112
111
105
94
85
76
86
99
101
88
80
80
78
82
76
67
62
67
58
56
69
62
66
69
75
66
55
50
52
74
77
61
51
63
67
61
57
58
63
60
52
55
65
68
51
38
53
66
70
69
63
61
62
57
44
48
52
50
62
53
45
33
26
37
49
42
41
50
52
51
46
47
50
58
52
42
30
36
40
47
44
28
37
41
41
36
30
25
37
42
44
47
48
43
46
51
35
44
36
37
53
55
61
50
42
45
56
58
53
56
54
61
54
47
48
51
52
61
68
62
53
37
40
56
53
42
41
41
41
43
35
31
29
16
31
34
30
36
30
31
32
43
43
36
31
21
21
20
25
34
30
25
22
22
18
13
17
26
28
31
29
14
4
1
3
10
16
12
21
16
13
29
35
27
12
10
1
0
14
23
17
9
-2
5
16
8
-6
-7
-11
-4
2
-7
-14
-27
-28
-14
-9
-3
-8
-13
-22
-11
3
1
-4
-1
3
3
2
-4
-9
-29
-26
-19
-33
-35
-23
-19
-4
-7
-8
-2
4
9
2
-21
-21
-16
-3
4
-10
-16
-26
-22
-12
-9
-13
-31
-33
-32
-22
-15
-26
-27
-30
-29
-16
-19
-16
-14
-26
-27
-16
-25
-43
-44
-51
-34
-23
-29
-40
-34
-38
-37
-29
-30
-34
-51
-50
-44
-47
-60
-55
-47
-51
-43
-45
-42
-41
-56
-64
-58
-54
-57
-66
-68
-70
-70
-75
-81
-65
-47
-42
-34
-37
-29
-23
-17
-8
-12
0
-2
-18
-20
-14
-20
-37
-62
-66
-63
-74
-64
-79
-65
-47
-59
-56
-77
-74
-59
-64
-45
-43
-46
-53
-79
-68
-59
-36
-21
-33
-37
-59
-49
-23
-6
20
-4
-49
-61
-48
-26
-15
-29
-59
-78
-76
-73
-66
-67
-107
-132
-135
-130
-126
-146
-186
-217
-230
-229
-222
-243
-267
-288
-302
-301
-267
-239
-222
-216
-205
-176
-115
-37
13
41
41
71
133
190
211
220
200
197
186
175
172
152
107
56
8
-24
-63
-126
-167
-213
-233
-247
-253
-265
-287
-300
-283
-222
-133
-86
-65
-53
11
130
223
309
347
322
281
265
305
360
338
228
70
-33
-72
-95
-135
-243
-379
-505
-572
-567
-544
-568
-628
-674
-668
-592
-488
-405
-362
-325
-254
-138
-28
57
88
120
167
213
243
233
182
114
67
40
-18
-111
-241
-373
-439
-479
-513
-573
-641
-679
-668
-588
-508
-472
-433
-386
-284
-144
-13
110
175
202
239
309
384
436
437
383
306
236
186
132
87
41
-68
-186
-279
-330
-324
-306
-293
-288
-282
-214
-113
28
160
262
367
473
653
845
932
904
781
669
648
737
797
651
318
-63
-321
-386
-360
-383
-585
-924
-1208
-1310
-1197
-1023
-924
-945
-1013
-1010
-872
-617
-361
-143
13
163
329
500
638
735
821
897
963
957
843
631
393
226
124
-31
-334
-711
-1066
-1305
-1411
-1513
-1706
-1940
-2127
-2167
-2011
-1796
-1645
-1595
-1543
-1372
-1009
-552
-164
88
229
396
700
1056
1389
1576
1607
1562
1562
1663
1720
1637
1419
1157
950
823
688
506
156
-242
-549
-647
-550
-483
-589
-868
-1120
-1133
-849
-379
5
109
-17
-139
38
521
1079
1427
1424
1164
829
783
1052
1356
1358
948
373
-52
-218
-209
-252
-456
-848
-1274
-1527
-1558
-1470
-1480
-1569
-1618
-1527
-1297
-1096
-955
-834
-673
-365
32
396
579
558
574
756
1100
1354
1379
1212
971
843
836
858
779
484
167
-104
-254
-375
-650
-953
-1211
-1347
-1350
-1441
-1628
-2021
-2283
-2144
-1805
-1410
-1421
-1730
-1937
-1832
-1212
-552
-134
-189
-558
-622
-287
425
1028
1113
891
566
577
894
1264
1528
1431
1215
1050
1034
1222
1289
1211
1039
893
922
929
872
659
338
182
164
349
512
431
140
-274
-461
-275
187
701
824
512
-120
-634
-414
398
1208
1304
537
-462
-1018
-693
147
820
795
-59
-1021
-1431
-1017
-194
220
69
-473
-935
-938
-642
-247
-83
-186
-230
-97
140
135
-143
-342
-166
375
827
816
363
-284
-508
-119
566
991
668
-95
-650
-609
-84
249
65
-461
-942
-922
-601
-428
-838
-1826
-2353
-2039
-1041
-451
-1239
-2678
-3714
-3296
-1687
-320
-101
-1428
-2967
-3304
-2004
255
1485
1067
-322
-1316
-756
714
2251
2785
2123
1271
900
1628
2673
3052
2769
2086
1956
2269
2545
2555
2006
1354
944
1041
1584
1782
1282
147
-830
-982
-428
480
977
599
-595
-2064
-2395
-1199
530
1434
742
-810
-2041
-2109
-816
930
1953
1372
-278
-1486
-1327
42
1349
1726
1186
144
-491
-455
124
762
758
412
121
50
9
-400
-812
-855
-372
199
253
-252
-1160
-1717
-1376
-317
773
901
59
-949
-1185
-309
904
1561
1266
354
-353
-271
486
1035
845
-99
-966
-1125
-821
-733
-1329
-2288
-2974
-2971
-2581
-2439
-2778
-3569
-4043
-3719
-2811
-1937
-1819
-2198
-2365
-1798
-622
386
904
915
915
1347
2130
2986
3372
3390
3329
3439
3806
3914
3793
3477
3310
3395
3264
2773
1835
1118
1114
1594
1950
1120
-423
-1770
-1944
-554
968
1281
-493
-3240
-4295
-2796
361
2258
1257
-1610
-4052
-3682
-884
2281
3428
1482
-1358
-2750
-1360
1495
3158
2872
1101
-439
-615
208
1419
1752
1092
168
-262
79
185
-328
-1095
-1392
-773
-117
18
-689
-1920
-2539
-1980
-369
986
874
-340
-1491
-1301
-12
1312
1854
1424
751
227
200
440
388
328
170
120
-229
-1421
-2733
-3506
-3032
-1964
-1616
-2378
-4110
-5233
-4983
-3564
-1821
-1251
-1775
-2787
-3039
-1838
-141
1309
1685
1417
1400
1808
2801
3627
4080
4195
4143
4463
4784
4862
4371
3639
3533
3916
4248
3576
2225
1230
1029
1519
1525
613
-893
-1966
-1506
-222
454
-981
-3698
-4949
-3514
-378
1376
167
-2788
-5072
-4260
-832
2828
3912
1490
-1831
-3021
-741
3111
5276
4637
1960
-278
-418
1312
3408
3769
2200
173
-700
-143
436
74
-1057
-1885
-1739
-1123
-976
-1864
-3233
-3817
-2892
-1043
93
-427
-1925
-2795
-2077
-215
1434
1789
951
-190
-627
-89
736
1194
835
-63
-1034
-1833
-2268
-2442
-2565
-2812
-3200
-3632
-4144
-4514
-4645
-4329
-3608
-2780
-2194
-2099
-2209
-1976
-1015
518
1939
2756
2837
2730
3061
3987
5224
6074
6311
6160
5831
5648
5534
5578
5737
5572
4848
3755
2971
2740
2589
2012
707
-615
-1173
-758
133
46
-1836
-4594
-5945
-4209
-933
788
-756
-4343
-6692
-5752
-1975
1995
3211
1001
-2559
-3907
-1569
2607
5397
4941
2443
305
68
1689
3544
4199
3171
1466
546
621
869
322
-768
-1310
-968
-326
-617
-2023
-3597
-4187
-3101
-1255
-133
-646
-2393
-3525
-2947
-893
1105
1552
639
-638
-1076
-505
406
1040
700
-349
-1480
-2263
-2475
-2628
-2917
-3332
-3780
-4094
-4661
-5140
-5281
-5010
-4258
-3548
-3053
-2905
-2964
-2593
-1625
-7
1479
2257
2576
2744
3374
4397
5437
6395
7031
7393
7298
6806
6386
6270
6590
6797
6344
5400
4270
3353
2491
1583
778
133
32
173
-121
-1655
-4537
-6700
-6006
-2703
96
-598
-4337
-8038
-8422
-4856
267
3474
2419
-1550
-4565
-3445
1341
5916
7217
5175
2190
838
1704
3858
5516
5367
3630
1715
939
951
612
-376
-1262
-1319
-976
-1241
-2488
-4175
-5337
-5139
-3570
-1724
-1230
-2662
-4465
-4738
-2970
-416
1075
1009
-52
-1001
-1016
-155
1133
1549
763
-518
-1673
-2209
-2574
-2793
-2925
-3212
-3732
-4814
-5622
-5759
-5386
-4560
-3928
-3531
-3531
-3610
-3134
-2077
-397
1060
1989
2595
2904
3489
4392
5727
7100
7960
8350
8078
7639
7320
7324
7730
7794
7164
5981
4957
4225
3100
1695
370
-265
-75
320
-4
-2225
-5846
-8389
-7244
-2982
144
-1071
-5797
-9944
-9928
-5503
487
3795
2187
-2478
-5567
-3545
2133
6982
7882
5446
2583
1430
2502
4711
6255
6016
4207
2439
1718
1340
425
-793
-1226
-843
-668
-1450
-3209
-5051
-6104
-5655
-3669
-1796
-1771
-3728
-5592
-5292
-3128
-489
868
445
-777
-1725
-1127
348
1362
1049
-431
-1158
-1322
-1559
-2140
-3259
-3898
-4108
-3933
-4043
-4908
-5781
-6382
-5614
-4124
-3298
-3202
-3817
-3717
-2644
-866
1123
2044
2443
2511
3042
4618
6227
7714
8437
8535
8274
7786
8145
8712
9055
8752
7697
7004
6240
5206
3678
2038
1297
1236
1888
1831
-643
-4969
-8592
-7874
-3530
-6
-1055
-6511
-11457
-12219
-8068
-1567
2207
910
-4105
-7678
-5686
324
5942
7306
5069
2431
1428
2988
5561
7313
7118
5238
3862
3570
3482
2404
462
-410
-16
568
48
-2119
-4636
-6410
-6221
-4105
-2051
-1870
-4189
-6574
-6567
-4289
-1211
309
-56
-1295
-2219
-1463
-53
1073
992
-236
-719
-834
-1058
-1925
-3407
-4032
-3927
-3163
-3156
-4626
-6322
-7463
-6480
-4407
-3142
-3298
-4797
-5360
-4489
-2202
460
1520
1660
1238
1688
3656
5747
7695
8525
8643
8413
8032
8806
9832
10509
10214
8886
8056
7504
7029
5899
3974
2429
1632
2323
2953
913
-3897
-8765
-9087
-4882
-789
-1293
-6898
-12612
-14204
-10309
-3298
1168
168
-5030
-8899
-6807
-403
5628
7296
5264
2750
1788
3545
6569
8637
8433
6285
4684
4560
4867
4046
1905
342
80
474
292
-1586
-4532
-7039
-7385
-5308
-3033
-2807
-5230
-7881
-7906
-5516
-2322
-523
-895
-1993
-2681
-1799
-336
489
771
164
24
-193
-1345
-2412
-3283
-3056
-2436
-2289
-3092
-5218
-6599
-6758
-5409
-3488
-3232
-4141
-5571
-5743
-4199
-2015
311
959
829
973
1698
3834
6004
7898
8924
8942
8997
9056
10032
10986
10932
10715
10340
10235
9648
7900
5531
3202
2872
4422
5811
4015
-2536
-9344
-10750
-5939
-231
-170
-6258
-14049
-17383
-13637
-6019
88
-269
-6079
-10925
-9716
-2718
4227
6883
5431
2599
1827
3623
6853
9450
9408
7561
6051
6260
6841
5574
2978
936
873
1916
1692
-663
-4386
-7527
-8101
-6000
-3241
-2963
-5840
-9103
-9879
-7320
-3598
-1418
-1342
-2679
-3657
-3310
-1670
547
1333
904
159
-405
-555
-1316
-2020
-2158
-1640
-1157
-2214
-3865
-5492
-6230
-5375
-4068
-3037
-3582
-5149
-6012
-5398
-2972
-891
95
441
317
942
2302
4794
7452
8507
8363
7815
8747
10747
11700
11690
11027
10888
10972
10455
9489
7192
4907
4336
5866
7204
3575
-3975
-9476
-8305
-2658
7
-3288
-10530
-16612
-17035
-11935
-4547
-1253
-4852
-11084
-13441
-8519
-698
4496
5253
2830
919
1407
4789
9149
11064
9942
7474
6820
8089
8359
6716
4115
2676
2805
3038
2219
-632
-4529
-7330
-7300
-4546
-2609
-4148
-7927
-10587
-9820
-6814
-3810
-2443
-3188
-4596
-5179
-3915
-1398
92
46
-454
-298
32
-724
-1695
-1964
-1144
-171
-712
-2159
-3809
-4890
-4771
-3827
-2583
-2755
-4162
-5285
-5250
-3608
-1958
-914
-257
-61
296
1056
3255
6143
7709
7916
7463
8263
10225
11706
12466
12383
12224
11757
10999
10599
9375
7651
6784
7476
7829
3894
-3048
-7571
-5938
-1230
-362
-4887
-11873
-16910
-16835
-12102
-5741
-3516
-7627
-13652
-15232
-9764
-2091
2532
3009
1015
-325
558
4196
8766
11023
10279
8175
7665
8784
8969
7569
5633
4702
4500
3830
2278
-579
-3862
-6087
-6045
-4089
-3253
-5364
-8980
-10895
-9595
-6764
-4324
-3554
-4521
-5921
-6276
-4314
-1111
641
51
-1228
-1110
-244
-151
-481
-480
14
30
-995
-2103
-2884
-3449
-3768
-3473
-2730
-2999
-4279
-5398
-5253
-3751
-2191
-1120
-641
-558
-355
636
3228
6193
7804
7867
7517
8383
10235
12031
13123
13541
13523
12704
11629
10760
9695
8888
9230
10289
8618
2117
-5204
-7114
-2677
1574
-396
-7669
-15124
-18288
-15826
-9485
-4230
-5142
-11403
-16544
-14703
-7111
-255
2009
826
-583
-358
1853
5672
9164
10407
9457
8425
8921
9669
8889
6853
5491
5617
5691
4338
1437
-2124
-4906
-5866
-4818
-3479
-4372
-7818
-11126
-11393
-9005
-6418
-5158
-5382
-6377
-7142
-6427
-3953
-1384
-435
-993
-1291
-642
-255
-498
-400
524
1324
804
-712
-2070
-2556
-2435
-2229
-2014
-2344
-3582
-5002
-5427
-4333
-2714
-1700
-1591
-1856
-1538
-353
1890
4703
6567
6947
6773
7694
9763
11712
13105
13904
14156
13554
12404
11645
11014
10506
10962
11907
10067
3184
-4123
-5403
-761
2936
-70
-7857
-15052
-17820
-15099
-9158
-4755
-6582
-13301
-17741
-14985
-7262
-1079
418
-962
-2237
-1428
1544
5829
9266
9804
8590
8224
9625
10873
9934
7768
6387
6619
7037
5815
2870
-947
-3951
-4854
-3742
-2545
-4085
-8110
-11529
-11750
-9205
-6876
-6190
-6870
-8047
-8625
-7922
-5369
-2484
-1326
-1862
-2668
-2166
-893
0
504
823
1151
862
146
-382
-831
-1134
-1484
-1531
-1405
-1930
-3061
-4262
-4284
-3027
-1696
-995
-1149
-1192
-293
1465
3634
5290
6378
7253
8168
9329
10663
12371
13844
14107
13141
11849
11158
10927
11367
12594
12070
6890
-904
-4692
-1423
3555
2932
-4167
-12432
-16838
-15799
-10581
-5293
-5109
-11058
-17508
-17489
-10760
-3392
-360
-1337
-3048
-3229
-1159
3041
7438
9298
8317
7268
8343
10204
10312
8433
6783
6898
7540
6899
4531
1223
-1846
-3575
-3211
-1901
-2320
-5710
-9937
-11414
-9553
-7082
-6301
-7134
-8274
-9178
-9263
-7732
-4915
-2469
-2105
-3293
-4038
-3417
-1920
-171
1503
2199
1196
-531
-1336
-590
697
1241
808
-339
-1716
-2710
-2651
-1638
-710
-425
-726
-1164
-1037
218
2374
4167
4819
4948
5706
7314
8928
10238
11410
12213
12217
11706
11360
10817
10076
10401
11957
11606
6185
-1334
-4273
-696
3773
2687
-3982
-11608
-15878
-14779
-9307
-3983
-4374
-10682
-16561
-15794
-8953
-2306
-77
-1296
-2914
-2825
-560
3451
7118
8179
7164
6544
7803
9323
8905
6972
5689
6194
6803
5768
3192
31
-2458
-3480
-2807
-1738
-2698
-6237
-10004
-10761
-8485
-6162
-5710
-6864
-8314
-9315
-9120
-7127
-4469
-2782
-3083
-4234
-4340
-3590
-2581
-1291
358
1415
941
-310
-1288
-1289
-419
642
1463
1187
-360
-2236
-2895
-1631
238
1446
1315
279
-54
1016
3051
4884
5922
6413
6588
7233
8667
10526
11911
11717
10653
10161
10226
10107
10285
11382
10914
6219
-269
-2863
332
4061
2558
-3900
-10639
-13882
-12875
-8621
-4493
-5009
-10365
-15342
-14575
-8592
-2792
-815
-1887
-3041
-2614
-526
2991
6242
7397
6798
6425
7504
8756
8457
6815
5689
6197
6740
5653
3063
55
-2146
-3016
-2445
-1665
-2703
-5999
-9485
-10088
-7937
-6051
-5964
-6916
-7664
-8355
-8856
-7877
-5362
-2792
-2407
-4084
-5236
-4807
-3309
-1446
369
1103
-58
-1717
-2306
-1363
142
813
671
12
-840
-1616
-1699
-583
695
1345
1273
1061
1776
3179
4464
5200
5845
6897
7878
8863
9878
10701
11153
10919
10595
10542
10157
9334
9386
10733
9844
4319
-2007
-3403
558
3697
1066
-5924
-12401
-14742
-12511
-7499
-3989
-6038
-12084
-16103
-13711
-7028
-1720
-522
-2092
-3384
-2749
-79
3998
7150
7630
6517
6239
7533
8629
8250
6866
6049
6366
6306
4849
2183
-687
-2483
-2716
-1881
-1843
-4091
-7763
-10096
-9172
-6657
-5536
-6433
-7817
-8363
-8385
-7891
-6395
-4201
-2584
-3034
-4669
-5189
-3935
-1821
59
1034
511
-1048
-2117
-1755
-183
1136
1046
-142
-1346
-1787
-1515
-737
182
705
813
840
1452
2918
4392
5110
5502
6482
8090
9536
10276
10468
10645
11096
11666
11975
11218
9275
8039
9362
11193
8472
1091
-4505
-3487
1262
2737
-1963
-9521
-15075
-15868
-11747
-5828
-3770
-8206
-14858
-16652
-11362
-3837
194
-148
-2054
-2796
-1389
2118
6372
8704
8233
7067
7274
8464
8891
7909
6591
6236
6371
5627
3536
369
-2675
-4131
-3598
-2428
-3147
-6698
-10735
-11955
-9893
-7306
-6504
-7331
-8663
-10005
-10335
-8413
-4933
-2077
-2115
-4390
-5553
-4239
-1846
256
1681
1895
701
-827
-1268
-282
1025
1455
982
169
-753
-1751
-2004
-920
481
1143
1038
996
1873
3276
4355
5188
6313
7714
8979
10175
11239
11667
11518
11432
11740
11959
11303
10342
10570
11103
8134
1616
-2849
-1582
2302
2580
-2742
-9917
-14546
-14862
-11281
-6540
-5182
-9261
-15053
-16335
-11347
-4687
-1256
-1448
-2677
-2635
-857
2175
5694
7915
7965
7567
8254
9367
9448
8098
6736
6734
7291
6579
4077
670
-2270
-3639
-3302
-2389
-3200
-6748
-10740
-12024
-10227
-7873
-7227
-8117
-9446
-10715
-11042
-9325
-5852
-2896
-2763
-4873
-6220
-5079
-2378
384
2138
2122
492
-1218
-1311
252
1888
2207
1263
80
-761
-1355
-1412
-615
568
1387
1513
1453
1910
2739
3653
5063
6975
8477
8961
9081
9772
10868
11610
11981
12114
11469
10025
9385
10735
11444
7351
275
-3094
-428
3268
2066
-4265
-11088
-14513
-13541
-9161
-4922
-5316
-10808
-16165
-15453
-8782
-2212
-368
-2104
-3711
-3073
-273
3569
6940
8192
7415
6901
8015
9560
9615
8061
6870
7176
7560
6258
3309
22
-2353
-3054
-2413
-2022
-3960
-8294
-11811
-11824
-9359
-7392
-7518
-9181
-11490
-12946
-11752
-8121
-4254
-3212
-5557
-7896
-7096
-3742
-378
1606
1809
602
-629
-703
730
2523
3106
2347
1238
688
248
-260
-28
839
1643
1934
1829
2061
2847
3633
4370
5673
7291
8277
8943
9733
10338
10587
10734
11073
11097
10409
9910
10635
11023
7517
1119
-2257
-28
3540
2822
-2857
-9696
-13708
-13227
-9267
-5087
-4919
-9914
-15397
-15488
-9705
-3389
-1169
-2429
-3996
-3576
-1007
2605
5817
7045
6459
6244
7619
9280
9262
7686
6426
6697
7503
6731
4004
699
-1756
-2568
-2033
-1629
-3307
-7218
-10719
-11381
-9527
-7521
-7207
-8850
-11805
-13729
-12405
-8427
-4664
-4213
-6947
-9262
-8113
-4267
-669
1028
719
-539
-1276
-590
1314
2927
3207
2507
1794
1603
1326
965
1220
2057
2965
3467
3507
3475
3721
4258
5224
6951
8704
9309
9044
8731
8949
10040
11522
11887
10168
7996
7909
9904
10225
5749
-359
-2492
-18
2406
687
-4710
-10499
-13508
-12134
-7695
-4384
-6004
-11498
-15322
-13096
-6599
-1638
-866
-2569
-4025
-3195
126
4414
7238
7163
5742
5702
7593
9403
9333
7812
6567
6528
6772
5993
3743
546
-1984
-2678
-1871
-1562
-3835
-7938
-10929
-11037
-9162
-7340
-7175
-9470
-12926
-14322
-11933
-7442
-4586
-5618
-8777
-10007
-7584
-3474
-336
438
-756
-2046
-1789
260
2508
3248
2521
1607
1578
2091
2268
2221
2301
2602
3387
4541
5201
5029
4786
5256
6880
8903
9923
9852
9457
9192
9434
10341
11083
10326
8472
7653
8561
8561
4848
-437
-2633
-655
1540
-75
-5133
-10570
-13518
-12297
-7954
-4430
-5449
-10505
-14608
-13105
-6961
-1553
59
-1010
-2586
-2749
-476
3604
7191
8070
6795
5910
6693
7965
8146
7462
6920
6723
6178
4752
2667
329
-1524
-2239
-1994
-1937
-3832
-7550
-10365
-10338
-8367
-6665
-6938
-9602
-12641
-13081
-10531
-6889
-4878
-6014
-8478
-9099
-6850
-3324
-682
-31
-924
-1889
-1681
-118
1726
2525
2163
1649
1739
1893
1575
1489
1920
2721
3991
5185
5476
4961
4629
5451
7708
10277
11259
10646
9829
9541
10159
11338
11722
10547
9141
9045
9371
7217
2168
-1765
-1446
1013
1101
-2875
-8614
-12816
-13685
-10939
-6877
-5576
-8650
-13363
-14880
-10941
-4945
-1558
-1318
-2124
-2554
-1598
1262
4914
7367
7598
6734
6658
7515
8021
7641
7124
7077
6830
5513
3376
1163
-654
-1765
-2076
-2183
-3359
-6213
-9253
-10199
-8985
-7473
-7080
-8531
-11442
-13205
-11706
-8048
-5188
-5284
-7845
-9460
-7642
-3870
-822
243
-539
-1845
-1948
-221
2085
3089
2403
1345
1252
1823
1998
1727
1733
2217
2950
3841
4401
4351
4443
5338
6875
8497
9357
9369
9476
10135
10771
11138
11160
10151
8888
9194
10716
10297
5579
-500
-2650
-36
2648
926
-4816
-10918
-13943
-12408
-7884
-4565
-6077
-11348
-15043
-13018
-6811
-1875
-1028
-2348
-3145
-2228
540
4201
6678
6866
6171
6441
7888
8927
8231
6780
6138
6390
6426
5124
2405
-694
-2804
-3164
-2410
-2475
-4981
-8958
-11489
-10931
-8529
-6963
-8001
-11305
-14114
-13294
-9320
-5744
-5192
-7481
-9634
-8637
-4674
-759
748
-36
-1581
-1853
28
2614
3793
3069
1775
1355
1876
2344
2103
1695
1738
2387
3508
4224
4007
3621
4097
5777
7915
9193
9209
8776
8876
9638
10553
11122
10821
9876
9604
10197
8969
4800
983
449
2356
2980
-295
-5900
-10362
-11590
-9484
-6170
-5098
-7927
-12561
-14504
-11182
-5435
-2088
-2223
-3590
-3854
-2167
886
4193
6188
6177
5660
6228
7595
8481
8050
6882
6352
6602
6338
4674
2020
-540
-2025
-2339
-2237
-3082
-5781
-9145
-10922
-10316
-8591
-7933
-9538
-12412
-13942
-12417
-9115
-6689
-6702
-8380
-9220
-7475
-3823
-578
559
-202
-1168
-489
1892
4153
4705
3779
2826
2878
3695
4137
3593
2743
2590
3543
4870
5259
4497
3693
4078
5741
7564
8691
8793
8021
7508
7894
8735
9245
9126
9108
9509
8144
3878
77
-16
2433
3648
931
-4633
-9472
-11181
-9304
-5593
-3779
-6138
-11024
-13853
-11360
-5889
-2203
-1700
-2845
-3669
-2740
-57
3298
5833
6201
5395
5600
6866
7843
7773
6951
6461
6594
6224
4721
2435
114
-1366
-1734
-1572
-2292
-5108
-8842
-10742
-10006
-8162
-7422
-9433
-13203
-15241
-13562
-9629
-6726
-7155
-9866
-11259
-9020
-4522
-830
249
-837
-1976
-1152
1680
4442
5319
4552
3610
3851
4872
5189
4637
4232
4669
5743
6531
6141
4994
4554
5449
7190
8653
8748
7716
6813
7081
8159
8687
8087
7165
7271
8106
6864
2622
-1106
-1135
1312
2514
13
-5359
-10080
-11318
-8753
-4591
-2861
-5686
-10652
-12911
-9860
-4188
-472
-264
-1944
-3057
-2068
924
4434
6597
6486
5472
5706
7012
7883
7702
6762
6172
6361
6173
4678
2193
-298
-1798
-1947
-1542
-2362
-5411
-9188
-10989
-10080
-8332
-8286
-11014
-14424
-15382
-13256
-9916
-8341
-9726
-11796
-11555
-8402
-4273
-1662
-1652
-2794
-2592
-265
2826
4665
4645
3797
3650
4856
6155
6176
5387
5079
5967
7509
8198
7389
6077
5803
7158
9330
10437
9523
7925
7123
7633
8716
8762
7579
6845
7196
6461
2921
-1009
-2049
-420
776
-796
-5013
-9627
-11693
-10255
-6886
-4554
-5691
-9371
-11701
-9947
-5370
-1649
-595
-1060
-1281
-471
1528
4287
6293
6713
6534
6920
7848
8294
7812
6895
6228
6320
6304
4934
2610
376
-1214
-1888
-1835
-2369
-4745
-8032
-10029
-9725
-8341
-8088
-10077
-13349
-15104
-13578
-10290
-8137
-8845
-11152
-12015
-9788
-5574
-2139
-1340
-2461
-3023
-1542
1302
3920
4896
4305
3762
4417
5796
6483
6171
5938
6577
7830
8678
8339
7273
6797
7556
9163
10679
10846
9347
7560
6905
7624
8607
8734
8253
7325
4578
270
-2258
-1120
1319
1159
-2789
-8205
-11779
-11769
-8849
-5681
-5104
-7858
-11735
-12805
-9308
-4211
-1390
-1221
-1865
-1874
-658
1668
4462
6526
7092
7081
7506
7871
7691
7360
7281
7536
7623
6489
4032
1487
-147
-731
-723
-1026
-2831
-6331
-9440
-10036
-8697
-7509
-8352
-11630
-14886
-15031
-12122
-8986
-8347
-10407
-12449
-11669
-8079
-3967
-1884
-2525
-3848
-3281
-481
2784
4472
4113
3208
3535
5218
6574
6567
5961
6009
7142
8694
9368
8496
7180
7005
8513
10787
11939
10824
8632
7393
7739
8761
9326
9128
8450
6657
2822
-903
-1457
620
1886
-217
-5104
-9873
-11820
-10307
-7032
-4979
-6206
-9854
-12582
-11348
-6862
-2961
-1628
-1830
-2073
-1367
494
3099
5548
6761
6979
7457
8214
8389
7949
7401
7251
7597
7397
5706
3075
635
-818
-1253
-1295
-2028
-4583
-8138
-10318
-10160
-8838
-8481
-10557
-13944
-15578
-13927
-10679
-8973
-10058
-12053
-12170
-9452
-5352
-2508
-2343
-3514
-3533
-1334
1913
4134
4312
3365
3167
4505
6209
6868
6459
6119
6766
8128
9196
9113
8132
7523
8317
10221
11718
11371
9351
7519
7457
8720
9723
9460
8220
6051
2459
-622
-693
1288
1845
-1139
-6199
-10014
-10768
-9069
-6617
-5576
-7185
-10242
-12024
-10370
-6144
-2909
-2130
-2275
-1992
-1003
509
2667
5226
6879
7315
7630
7952
7877
7709
7807
8240
8590
7626
5073
2324
642
180
-19
-917
-2819
-5841
-8912
-10117
-9393
-8564
-9521
-12528
-15546
-15928
-13446
-10651
-10180
-11930
-13254
-12156
-8784
-4873
-2777
-3129
-3838
-2691
311
3456
5008
4675
3978
4610
6428
7806
7868
7373
7559
8622
9769
10152
9481
8506
8523
9811
11389
11860
10305
7795
6480
7169
8604
9100
8139
6080
2629
-1330
-2614
-558
1531
219
-4752
-10080
-12142
-10609
-7426
-5032
-5639
-8873
-11825
-11545
-7399
-2646
-826
-1376
-1921
-1343
314
2488
4874
6717
7087
6921
7356
7854
7964
7739
7499
7739
7760
6320
3835
1598
405
212
-53
-1144
-3366
-6620
-9191
-9385
-8020
-7588
-9863
-13718
-16032
-15148
-12106
-9939
-10701
-12941
-13906
-12317
-8679
-5042
-3674
-4351
-4750
-3292
-320
2390
3583
3599
3800
4986
6341
7038
7373
7934
8970
10171
10947
11060
10561
10055
10609
12239
13508
12900
10787
8928
8336
8574
8957
9093
8264
5004
-423
-3931
-2909
-150
-88
-4041
-9688
-13472
-13607
-10742
-7140
-5912
-8437
-12202
-12962
-9058
-3612
-740
-583
-872
-328
1212
3511
6098
8001
8376
8189
8804
9611
9475
8454
7519
7494
7826
6936
4485
1692
-282
-1155
-1459
-1885
-3418
-6552
-9575
-10264
-8948
-8157
-10071
-13694
-15559
-14109
-11115
-9593
-10851
-12957
-13204
-10876
-7027
-3912
-3527
-5100
-5705
-3498
372
2929
2830
1658
1565
3195
5211
6205
6396
6513
7001
8237
9784
10547
10147
9650
10604
13024
14688
13684
11168
9593
9942
11377
12340
11870
9220
3918
-1136
-1709
1367
2933
-516
-7424
-13051
-14411
-12254
-9017
-7549
-9524
-13474
-15872
-13763
-8174
-3914
-3244
-3782
-3159
-1138
1356
3759
6102
7789
8587
9434
10446
10636
9954
9267
9353
10182
10091
7751
4199
1476
513
381
-292
-1980
-5059
-8900
-11104
-10648
-9220
-9551
-12929
-16783
-17280
-14319
-11077
-10623
-12764
-14304
-13072
-9485
-5325
-2892
-3222
-4532
-3972
-678
3171
4718
3966
3068
3605
5258
6507
6878
7036
7267
7642
8458
9330
9359
8798
9058
10661
12540
12876
11103
9111
8789
9963
11349
11890
10777
6819
1368
-1139
901
3900
3126
-2395
-9088
-12634
-11858
-8654
-6206
-7102
-10929
-14579
-14775
-10629
-5637
-3801
-4479
-4724
-3448
-1342
1051
3660
5700
6630
7364
8414
9185
9244
8923
8838
9512
10138
8837
5823
3111
1919
1775
1253
-284
-3002
-6660
-9309
-9468
-8318
-8742
-12179
-16093
-17111
-14853
-11813
-11208
-13411
-15226
-14148
-10694
-6722
-4253
-4311
-5364
-4646
-1267
2581
4155
3588
2958
3793
5781
7253
7631
7436
7245
7711
8823
9727
9685
9013
8995
10159
11577
11647
10000
8386
8328
9351
10352
10635
9100
4736
99
-745
1950
4044
1796
-4237
-9872
-11856
-9924
-6548
-5261
-7432
-11242
-13692
-12532
-8112
-4217
-3507
-4261
-4001
-2421
-524
1578
3960
5494
6391
7622
8554
8698
8419
8235
8589
9552
9949
8262
5173
2843
2209
2223
1516
-141
-3013
-6494
-8438
-8076
-7228
-8791
-12957
-16061
-15900
-13322
-10950
-11775
-14758
-15868
-13606
-9731
-6252
-4698
-5518
-6440
-4779
-717
2549
3189
2679
2638
3885
5835
6947
7262
7334
7496
8362
9395
9784
9464
9085
9719
11312
12248
11159
9194
8427
9091
10038
10593
10301
7377
2219
-628
641
3233
3292
-1063
-7320
-11230
-11172
-8491
-6032
-6347
-9568
-13147
-13965
-10703
-6094
-4118
-4604
-4894
-3693
-1670
312
2648
4664
5615
6842
8385
9199
9312
8978
8765
9578
10720
10040
7369
4674
3392
3074
2335
844
-1641
-5201
-7989
-8491
-7689
-8421
-12392
-16674
-17613
-15356
-12229
-11636
-14571
-17198
-16076
-12169
-7632
-4406
-4373
-6201
-6019
-2268
2461
4740
4582
3757
3879
5716
7676
8619
8793
8365
8406
9408
10189
10177
9632
9353
10352
11881
11567
9366
7894
8150
9116
10067
10394
7772
2146
-1316
6
3197
4055
128
-6540
-11005
-10837
-7648
-4871
-5102
-8335
-12255
-13672
-10613
-5688
-3677
-4589
-5184
-4263
-2603
-818
1338
3043
3924
5406
7054
7697
7642
7116
6885
8224
10224
10188
7608
4666
3262
3219
3220
2664
731
-2979
-6239
-6974
-6449
-7898
-11728
-14704
-15312
-13953
-12481
-13934
-17059
-17503
-14790
-11298
-8161
-6758
-7968
-8859
-6147
-930
2888
3603
2612
2019
3579
6674
9001
9846
9407
8624
9083
10508
11604
11750
11146
10950
11963
12683
11421
9416
8582
8959
9958
10854
9246
3819
-1146
-1578
1305
3686
1623
-4971
-11077
-12524
-9589
-5498
-4239
-7109
-11465
-13733
-11582
-6237
-2579
-2777
-4293
-4508
-3006
-697
1947
3830
4044
4427
5843
6951
7326
6971
6222
6556
8274
8998
7366
4671
2761
2423
2786
2912
1728
-1499
-4931
-6071
-5226
-5768
-9281
-12535
-13677
-12991
-11355
-11968
-15252
-16874
-15115
-12087
-8876
-6872
-7809
-9395
-7778
-3063
1008
2371
2103
1511
2342
4902
7086
8286
8618
8306
8729
9897
10695
10926
10747
10777
12029
13303
12104
9635
8748
9264
10275
11430
10136
4492
-747
-1152
1419
3373
1542
-4783
-11239
-12853
-9719
-5904
-5019
-7838
-12111
-14181
-11587
-6146
-2738
-2951
-4298
-4206
-2165
460
2931
4488
4525
5027
6847
8145
8186
7417
6385
6374
8088
9326
7857
4663
2201
1521
1840
2263
1418
-1669
-5016
-6168
-5576
-6310
-9421
-11976
-12673
-11648
-9988
-11069
-14541
-15953
-13959
-10510
-7164
-5556
-7001
-8858
-7241
-2625
1421
3095
2680
1424
1896
4531
6846
8087
8297
7690
7822
8987
10191
10739
10498
10429
11187
11952
11284
9762
9055
9064
9536
9830
7242
2185
-722
5
1483
1290
-1759
-7294
-11521
-11244
-8117
-5922
-6451
-9214
-12572
-13110
-9230
-4820
-3022
-3012
-3521
-3277
-1476
1424
4070
5233
5369
5860
6965
7715
7724
7219
6546
6922
7981
7712
5680
3258
1978
1537
1200
772
-930
-3784
-5625
-5920
-6964
-9762
-11728
-12055
-11403
-10467
-11420
-14134
-15389
-13507
-10190
-7533
-6089
-6534
-7723
-6515
-2524
1431
3202
3081
2383
2706
4757
7083
8435
8657
8308
8415
9040
10098
10932
10779
10802
11446
12075
11709
10270
9371
9443
10254
10651
7746
2697
-297
-82
1401
1464
-1699
-7280
-11490
-11736
-8883
-6287
-6775
-9716
-12931
-13292
-9561
-5564
-3623
-3260
-3862
-3553
-1580
1334
3835
4820
5091
5781
6995
7676
7348
6724
6496
7122
7734
7315
5566
3112
1765
1356
1037
654
-903
-3460
-5407
-6220
-7816
-10522
-11680
-11438
-11028
-11075
-12858
-15304
-15553
-13034
-9798
-7418
-6651
-7842
-8391
-5986
-1877
1642
3002
2444
1960
3234
5669
7472
8464
8650
8372
8941
10156
10960
11000
10904
11242
11897
12424
11720
10459
10064
10355
10908
9640
5248
1463
837
1824
1963
-326
-5114
-10030
-11679
-9691
-7128
-6910
-9252
-12683
-14510
-11794
-7036
-4696
-4259
-4470
-4616
-3156
-115
3102
4737
4820
5282
6568
7650
7880
7396
6663
6729
7560
7516
6013
3692
1861
1009
459
413
-174
-2563
-4940
-6063
-7564
-9794
-10736
-10218
-9878
-10333
-12002
-14224
-14513
-12118
-9027
-6927
-6128
-6708
-7349
-5710
-2076
1350
3050
2902
2476
3342
5196
6684
7748
8598
8602
8631
9467
10055
10287
10647
10869
11220
11681
11176
10127
9759
10041
10339
8673
4765
2096
1749
2047
1618
-865
-5155
-9014
-10283
-8624
-6800
-7309
-9609
-12444
-13466
-10619
-6882
-5368
-4878
-4751
-4639
-2976
-62
2735
4201
4379
5152
6606
7362
7592
7416
6896
7060
7480
6957
5575
3676
1977
760
-241
-602
-1413
-3774
-5685
-6872
-9490
-11804
-11576
-10331
-9723
-10567
-12942
-14807
-13836
-10307
-6843
-5156
-5115
-6129
-6196
-3219
1078
3566
4054
3728
3674
5031
6821
7561
7998
8473
8626
8936
9470
9465
8954
8871
9635
10597
10510
9478
8407
7703
8307
8524
5499
2280
1424
1251
1034
-234
-3396
-7024
-9182
-8505
-6272
-5891
-7708
-10200
-12142
-10602
-6409
-4355
-4188
-4125
-4239
-3108
-643
2094
3946
3845
4085
5814
6672
6539
6380
5749
5671
6667
6745
5382
3335
1260
158
-388
-291
-234
-2746
-5890
-7395
-9567
-11537
-11049
-9867
-9871
-11389
-13827
-15313
-14047
-10444
-6970
-5541
-5746
-6218
-6048
-3467
1099
4023
4631
4357
4359
5676
7161
8148
9274
9984
10045
9972
9802
9660
10038
10430
10762
11211
10408
9122
8537
8199
8758
7929
4218
1768
1387
1076
286
-2003
-5201
-7701
-8998
-8362
-6733
-7168
-9055
-10602
-11213
-8733
-5350
-4506
-4228
-3721
-2920
-1137
706
2908
4313
3925
4611
6346
6643
6246
5926
5255
5206
5362
4531
3484
1883
74
-1073
-2252
-2280
-2229
-4265
-6266
-8408
-11258
-11992
-10347
-8489
-8793
-11865
-14733
-14474
-11167
-6892
-4357
-4882
-6150
-6134
-4217
226
4005
4714
3962
3411
4924
7260
8069
8525
8958
9093
9711
10496
10381
9859
9939
10184
10783
11148
10355
9200
8327
9024
8812
4927
2248
2234
2077
1653
-76
-3801
-7534
-9088
-8008
-5858
-5498
-7663
-10561
-12402
-10062
-5462
-3773
-3428
-3293
-3575
-2457
13
3350
5379
4888
5028
6312
6684
6742
6930
6291
5727
5636
4820
3614
1782
-491
-2239
-3616
-3522
-3483
-5757
-8560
-11658
-14433
-14239
-11852
-9716
-10496
-14500
-17345
-15778
-11197
-6524
-4131
-5018
-6515
-5901
-2651
2491
5812
6161
5469
5253
7256
9440
9921
10255
10547
10907
11452
11293
10538
10180
10085
10083
10646
10079
8302
6942
6469
6959
5175
1350
-368
-677
-779
-1295
-3625
-7075
-9443
-9653
-7923
-5767
-5968
-8114
-10283
-10349
-6573
-2873
-1585
-1113
-1281
-1017
506
3267
6281
7151
6655
7187
7838
7633
7681
7379
6497
6150
5636
4531
2706
87
-2236
-3882
-4436
-4039
-5191
-8482
-12390
-15685
-16093
-13787
-11258
-10919
-14315
-18078
-17586
-13282
-8258
-4956
-4586
-5962
-6067
-3320
1434
5159
6325
6582
6742
8065
10009
10497
10926
11784
12765
13807
13524
12492
11954
11889
12309
13046
12551
10496
8705
7944
8175
6312
1940
-499
-1488
-1863
-2092
-4645
-8762
-12130
-12876
-10797
-8128
-7683
-9687
-12292
-12801
-8605
-3762
-1676
-657
-925
-907
987
4382
8014
9032
8435
8648
9266
9558
9926
9576
7946
7117
6780
5778
3828
683
-2207
-4398
-5160
-4728
-6231
-10716
-15905
-18362
-17620
-15057
-12894
-14559
-18862
-20841
-18035
-12660
-8012
-5794
-6517
-7297
-5047
-336
4003
6133
6956
7214
8346
10451
11262
11329
11418
11945
13306
14037
13256
11696
10884
11109
11985
12411
11425
9763
7821
7345
6848
3647
1264
140
-1024
-1935
-3886
-7049
-10359
-11736
-10750
-9044
-8807
-10015
-11348
-12553
-10095
-5452
-3163
-1833
-1254
-762
762
3485
7100
8985
8972
8945
9628
9860
10159
10674
9345
8130
7677
6776
5080
2196
-297
-2248
-3560
-3823
-4898
-9098
-14703
-17119
-16718
-14783
-12980
-14974
-19508
-21786
-19151
-14080
-9749
-7531
-8250
-9211
-7071
-1787
3009
5387
6479
6676
8328
10930
12012
12704
13075
13489
14573
15421
14996
13562
12542
12225
12992
13315
12187
10357
8158
7841
6566
2942
1170
91
-1102
-2372
-4661
-7916
-11150
-12268
-11236
-9470
-9578
-10926
-12394
-13416
-10126
-5992
-3988
-2186
-1310
-346
1165
3988
7677
9425
9657
10332
11258
10946
11180
11268
9759
9214
8737
7290
4892
1748
-684
-2785
-3828
-3660
-5601
-11238
-16186
-17340
-16379
-13987
-13210
-16577
-20988
-21859
-18022
-12992
-9277
-8068
-9827
-10693
-7102
-1460
2264
4338
5054
5351
7451
9582
10913
11894
12378
13614
15050
15683
15080
13542
12598
13131
14453
14597
13135
10595
8776
7566
4651
3136
2817
1152
-684
-3502
-6672
-9091
-10380
-10197
-9310
-9143
-10623
-12209
-13182
-11598
-8267
-6470
-4586
-3290
-2621
-1386
176
3490
6594
7676
8391
9450
9742
9696
10346
10218
9901
9665
8471
6529
3859
1604
-402
-2142
-2367
-3787
-8683
-13403
-14979
-14510
-13191
-12718
-14814
-17988
-18826
-16153
-12131
-9027
-7648
-8123
-8465
-5674
-1220
1593
3089
4160
5195
6667
8120
9308
10066
10529
11623
12969
13510
13290
12652
12095
12384
13171
13121
12125
10785
9837
8347
4842
2645
2306
1275
112
-1987
-5465
-8776
-10284
-9784
-8502
-7764
-8870
-10951
-12205
-10392
-6931
-4996
-3253
-2348
-2216
-987
1130
4304
6632
7224
7733
8578
9244
9569
9705
9364
9054
8534
7107
5119
2560
546
-1044
-2684
-3824
-7063
-12154
-15283
-15442
-14104
-13965
-15859
-18571
-20033
-18360
-14318
-10561
-8920
-8566
-8295
-6359
-1968
1900
3913
4957
6170
8126
9516
10283
11130
11617
12201
13385
14024
13416
12249
11480
11426
11756
11811
10848
9419
8184
7217
4878
1699
737
270
-634
-1966
-4545
-7525
-10051
-10284
-8920
-7637
-7571
-8887
-10070
-10043
-7228
-4314
-2663
-1115
-368
680
2017
4187
6623
7582
8289
9598
10596
10280
9848
9351
8606
8412
7695
5986
3326
738
-1247
-3162
-5061
-7673
-11419
-14882
-15607
-15105
-15839
-17635
-19703
-20404
-18844
-15277
-11985
-10624
-10184
-9328
-6676
-2377
1949
4292
5163
6310
7949
10072
11740
12999
13802
14076
14676
15128
15012
14306
13768
13655
13601
12980
11479
10019
8331
7211
5035
1267
-432
-1551
-3008
-4535
-7005
-9963
-12490
-12855
-11645
-10307
-10387
-11362
-12074
-11699
-8083
-4905
-3394
-1686
-930
516
2898
5573
8100
8931
9218
10484
11796
12096
11954
11084
9655
8715
7665
6295
4263
1399
-1074
-4116
-7427
-9524
-12207
-14311
-14829
-15931
-17932
-19957
-20563
-19508
-17066
-14272
-12651
-11938
-11200
-8938
-5374
-1207
2107
3456
4766
6288
8311
10599
12200
13628
14504
15208
15841
16103
16084
15825
15605
15568
15539
14530
12945
11294
9831
8055
4327
1367
-2
-1848
-3577
-5865
-9261
-12621
-14475
-14485
-13349
-12081
-12064
-13257
-14228
-12339
-8593
-5749
-2558
-339
160
1390
3494
6684
9695
11286
12383
12664
12593
12749
12743
12271
11476
10197
7935
5916
3763
1322
-1798
-6038
-8654
-11483
-14158
-14849
-16364
-18645
-21019
-22102
-21441
-19209
-16197
-14910
-14292
-13082
-10519
-7189
-3327
578
2123
3511
5600
7771
10202
11518
12654
13850
14655
15387
15528
15159
14939
14970
15061
14665
13553
12028
10496
9711
9162
6951
2609
-390
-1212
-2126
-2955
-5219
-8861
-12027
-13253
-11932
-10503
-9869
-10692
-12258
-12130
-9496
-6164
-4247
-2513
-1202
-102
1656
3860
6306
7546
8406
9867
11011
11167
10719
9978
9247
9010
8370
7148
5016
2621
-180
-3544
-5421
-7155
-9416
-11635
-13445
-14905
-16722
-17975
-18381
-17273
-15719
-14765
-13999
-13390
-11778
-9713
-6972
-3740
-1627
-284
772
2629
5259
7262
8764
10283
11383
12085
12842
13617
14532
15419
15630
15058
14576
14198
13490
12983
12489
10769
6799
3349
2597
2174
972
-1632
-5562
-9016
-10337
-9734
-9142
-9264
-10461
-12072
-12575
-10738
-7703
-6452
-5831
-4426
-2839
-1079
881
2839
4078
5198
7044
8922
9492
9024
8334
7386
7502
8094
7447
5038
1786
-724
-3342
-5054
-5749
-7325
-9798
-12066
-13440
-14896
-15234
-14303
-13604
-12813
-12211
-11651
-11079
-9460
-6934
-4937
-2958
-1550
-558
672
2328
4349
5873
7341
8675
9556
10418
11148
11901
12970
13877
14304
14138
13313
12700
12592
12537
11960
9746
6001
3337
2903
2665
1392
-1503
-5363
-8166
-8882
-7774
-7289
-8388
-9995
-11431
-11241
-8789
-6533
-6265
-5811
-4589
-3260
-1349
484
1907
2886
4312
6165
7185
7460
7193
6655
6481
7180
6629
4566
2663
173
-1898
-3644
-5114
-6334
-8432
-10683
-12544
-13329
-13383
-13122
-12916
-12945
-12444
-11769
-10326
-8487
-6771
-5243
-4337
-2776
-707
968
2524
3952
4909
5982
7587
8929
9827
10677
11411
11828
12718
13533
13167
12424
12249
12602
12557
12003
9548
5621
3800
3965
3983
2222
-1199
-5298
-8182
-8039
-6847
-6638
-8163
-10409
-11700
-11051
-8266
-6105
-5588
-5485
-4806
-3121
-1052
1127
2516
2922
3513
5003
6469
6700
6107
5251
4270
4067
4492
3289
461
-2014
-3729
-4559
-4488
-5165
-7832
-10336
-10800
-10242
-9650
-9295
-9580
-10582
-10352
-8397
-6744
-5726
-4935
-4206
-3228
-1488
514
1819
2720
3713
5198
6781
8069
8829
8944
9478
10947
12467
12577
11671
10926
10595
10960
11700
11961
9279
5003
3268
3539
4117
3285
140
-4198
-6842
-6625
-5853
-5601
-6580
-8641
-10478
-10083
-7423
-6158
-6015
-5418
-4445
-2945
-1558
-223
793
1591
2711
4139
5130
4647
3281
2280
2536
3166
2337
-54
-2640
-3744
-3930
-4554
-5363
-6434
-7956
-8670
-7962
-7044
-7048
-7639
-7811
-7052
-5361
-4061
-4015
-3997
-3302
-2370
-1145
318
1122
1306
1677
2753
4159
5184
5835
6238
7140
8488
9297
9539
9596
9579
9603
10214
10788
10531
8299
5135
4230
4647
4736
3556
661
-2503
-4384
-4144
-3321
-3340
-4400
-6086
-7333
-6796
-4594
-3837
-4008
-3409
-2891
-2201
-1316
-449
-16
331
1206
1694
1036
-59
-625
-964
-712
-769
-2462
-4349
-5342
-5399
-5278
-5371
-5568
-6228
-6800
-6440
-5332
-4550
-4151
-3676
-3079
-2101
-1228
-641
-77
510
1504
2391
2749
3209
3448
3334
3842
4808
5163
5017
5133
5447
5945
6534
6586
6176
5770
6118
6761
7184
7168
4916
2418
2165
3105
3774
2922
452
-2387
-3436
-2699
-1604
-1230
-2445
-4132
-5071
-4052
-2158
-1804
-2088
-2261
-1967
-977
-122
104
-375
-1180
-1399
-444
135
-665
-2295
-4018
-4778
-4375
-4001
-4701
-5944
-7076
-7934
-7837
-6745
-6133
-6720
-6845
-6009
-5127
-4156
-3195
-2539
-1598
97
1510
2316
3059
3684
4532
6031
7569
8087
7899
7834
8190
8869
9393
9323
8820
8401
7676
6777
6023
4752
3491
2984
2480
491
-2288
-4561
-5753
-4825
-3416
-4054
-6508
-8361
-8208
-6214
-2836
-572
-880
-1887
-1496
489
3046
5260
5967
5574
5453
5413
5098
4552
3994
3560
3022
1768
-386
-2823
-4756
-5610
-5612
-5954
-7382
-9120
-10452
-11099
-10713
-9746
-9170
-9047
-8648
-8135
-7506
-6255
-4775
-3342
-1705
-52
1125
2039
3084
4267
5860
7532
8531
8745
8678
8690
8943
9450
9450
8524
7343
6418
5743
5386
4763
3319
1827
886
536
534
374
-128
-1208
-2054
-2137
-1747
-1084
-776
-1034
-1502
-1806
-1815
-1217
-136
507
777
597
157
281
934
1804
2140
1757
969
-112
-532
-313
-555
-1450
-2627
-3762
-4562
-4766
-5052
-5820
-6584
-7114
-7175
-6830
-6523
-6564
-6693
-6258
-5481
-4667
-3897
-3485
-3020
-2098
-947
19
738
1243
1615
2404
3528
4325
4758
5057
5306
5623
6207
6841
7146
7132
7008
6899
6954
7148
7120
6707
6119
5537
4988
4619
4249
3624
2526
1126
171
-398
-676
-1069
-1938
-3068
-3989
-4214
-4003
-3539
-3279
-3405
-3521
-3469
-3035
-2605
-2127
-1639
-1351
-1055
-1138
-1433
-1643
-1484
-1049
-787
-858
-1537
-2236
-2498
-2342
-2128
-2269
-2655
-3335
-3809
-3962
-4137
-4250
-4334
-4316
-4363
-4419
-4336
-4244
-3893
-3206
-2337
-1581
-955
-327
353
1372
2578
3770
4739
5332
5950
6603
7381
8245
8826
9041
9107
9423
9643
9555
9181
8613
8229
7966
7765
6731
4889
3239
1941
1401
980
-102
-2058
-4085
-5202
-5602
-5485
-5618
-6160
-6799
-7233
-7028
-6762
-6195
-5396
-4718
-4066
-3879
-3812
-3639
-3055
-2044
-1170
-787
-1084
-1440
-1522
-1114
-463
-290
-440
-792
-1046
-1141
-1297
-1403
-1643
-1775
-1750
-1937
-2385
-2983
-3314
-3227
-2742
-2325
-2397
-2578
-2619
-2215
-1356
-363
495
1020
1591
2381
3306
4309
5326
6304
7087
7732
8238
8655
9039
9347
9503
9353
9116
8803
8139
7194
6141
5124
4166
3365
2366
897
-679
-1997
-2815
-3361
-3869
-4615
-5552
-6125
-6329
-6266
-6156
-6155
-6080
-5904
-5562
-5287
-5132
-4942
-4624
-3998
-3433
-3116
-3071
-3041
-2751
-2249
-1546
-1123
-1066
-1045
-939
-588
-163
217
334
197
226
391
521
548
454
293
259
407
431
276
37
-133
-69
181
454
517
370
355
686
1239
1850
2282
2547
2818
3269
3971
4692
5232
5584
5865
6163
6488
6686
6605
6460
6334
6145
5728
4930
3931
2981
2279
1731
981
-142
-1462
-2562
-3167
-3488
-3887
-4483
-5160
-5641
-5762
-5664
-5569
-5613
-5641
-5452
-5101
-4760
-4545
-4361
-4079
-3595
-3013
-2568
-2329
-2161
-1883
-1492
-1029
-577
-442
-451
-316
-134
53
129
138
17
-109
-28
73
69
-15
-72
-28
198
562
778
824
963
1291
1736
2160
2574
2800
2891
3221
3690
4102
4365
4489
4592
4690
4898
5032
4971
4875
4710
4429
4066
3686
3226
2682
2151
1620
1040
327
-479
-1226
-1790
-2231
-2673
-3100
-3560
-4033
-4340
-4424
-4374
-4231
-4080
-3995
-3916
-3791
-3578
-3335
-3030
-2673
-2489
-2392
-2287
-2199
-2065
-1815
-1468
-1136
-927
-814
-720
-559
-298
45
336
544
675
654
610
618
658
739
844
892
841
627
372
370
601
974
1191
1165
1062
1080
1414
1916
2345
2514
2573
2654
2818
3110
3240
3297
3385
3447
3517
3414
3216
3003
2900
2885
2778
2488
2012
1536
1118
861
584
105
-425
-976
-1461
-1839
-2171
-2469
-2743
-2991
-3251
-3470
-3628
-3701
-3669
-3551
-3381
-3312
-3257
-3198
-3054
-2731
-2410
-2124
-1916
-1797
-1697
-1493
-1156
-869
-643
-462
-328
-203
-84
65
190
388
598
637
596
477
357
371
542
721
709
545
376
332
507
854
1088
1176
1207
1245
1386
1674
1999
2218
2352
2472
2577
2664
2744
2827
2903
2969
3028
2967
2770
2507
2316
2195
2069
1897
1618
1171
731
385
85
-171
-438
-738
-1133
-1496
-1772
-2040
-2195
-2325
-2452
-2592
-2728
-2809
-2870
-2826
-2780
-2694
-2557
-2525
-2446
-2359
-2210
-1965
-1713
-1475
-1341
-1193
-1027
-818
-556
-323
-145
-35
51
156
276
398
496
559
591
567
519
502
544
626
673
630
520
463
540
603
657
703
699
695
766
914
987
1040
1147
1268
1501
1718
1830
1857
1880
2006
2146
2308
2377
2260
2070
1879
1779
1719
1626
1425
1119
793
463
235
135
-22
-244
-510
-803
-1039
-1206
-1340
-1440
-1504
-1637
-1861
-2045
-2127
-2134
-2098
-2100
-2139
-2210
-2308
-2317
-2174
-1973
-1811
-1723
-1647
-1531
-1385
-1120
-855
-630
-423
-249
-101
65
255
413
579
781
912
879
813
870
923
904
866
769
655
557
466
338
203
132
93
81
90
91
16
-35
81
266
398
522
672
749
819
975
1152
1340
1516
1633
1612
1509
1508
1526
1590
1652
1547
1243
1012
915
828
787
639
409
130
-122
-264
-392
-497
-640
-851
-1032
-1196
-1369
-1475
-1499
-1529
-1602
-1710
-1828
-1870
-1810
-1677
-1593
-1542
-1462
-1386
-1218
-953
-715
-546
-356
-137
86
284
406
480
521
601
692
721
652
501
355
275
239
203
78
-56
-108
-93
-63
-88
-70
-4
107
256
364
438
469
542
699
899
1063
1036
933
878
922
1029
1068
1008
828
664
616
646
693
643
460
296
247
271
225
154
68
-57
-131
-178
-204
-292
-384
-422
-464
-495
-593
-723
-820
-844
-871
-942
-986
-1038
-1105
-1168
-1200
-1139
-1079
-1044
-1008
-988
-952
-882
-746
-615
-475
-383
-304
-192
-115
-59
-18
79
142
133
71
-12
-28
-44
-52
-56
-102
-145
-205
-194
-112
-31
28
39
107
152
218
286
353
463
518
582
633
643
672
733
808
861
917
921
895
901
923
978
966
923
851
727
699
669
543
415
288
188
123
22
-142
-283
-357
-386
-406
-485
-552
-628
-691
-685
-722
-760
-760
-770
-757
-735
-739
-711
-645
-562
-472
-413
-392
-347
-315
-209
-101
-49
-17
-30
-2
11
21
20
10
-14
-67
-102
-158
-209
-269
-338
-386
-434
-452
-457
-473
-458
-446
-443
-397
-314
-251
-206
-129
-60
38
157
270
369
450
554
661
754
815
803
787
807
827
834
739
606
504
444
389
293
164
15
-92
-162
-261
-393
-502
-555
-569
-547
-542
-601
-629
-608
-550
-454
-379
-360
-332
-279
-233
-201
-161
-94
-50
15
80
88
101
148
175
214
274
254
197
161
106
37
10
-9
-100
-218
-311
-425
-512
-564
-621
-663
-664
-661
-687
-686
-658
-599
-476
-345
-244
-164
-70
53
232
429
558
635
705
766
859
980
1063
1071
995
890
789
723
640
507
359
193
0
-205
-378
-550
-705
-804
-884
-952
-1012
-1104
-1162
-1106
-977
-851
-768
-715
-671
-585
-414
-199
32
211
305
367
434
556
719
865
993
1012
977
958
943
955
948
881
767
653
497
324
172
5
-163
-303
-453
-623
-795
-955
-1090
-1169
-1199
-1212
-1235
-1252
-1266
-1254
-1162
-1025
-872
-736
-596
-463
-340
-195
-24
184
389
530
640
723
780
833
898
950
955
913
822
712
605
479
372
288
187
56
-128
-311
-442
-506
-540
-585
-644
-735
-808
-819
-780
-692
-617
-532
-466
-422
-363
-272
-127
39
199
289
315
385
456
543
659
737
727
681
634
580
567
540
484
373
236
112
-13
-107
-181
-276
-393
-509
-603
-662
-718
-761
-780
-784
-787
-803
-796
-784
-746
-676
-603
-513
-432
-361
-290
-176
-69
41
147
228
280
299
332
395
443
451
439
385
331
293
238
181
106
28
-12
-39
-80
-159
-224
-234
-210
-174
-173
-186
-185
-131
-28
83
162
209
249
297
368
433
490
503
502
511
510
499
475
435
405
389
358
271
153
47
-29
-83
-141
-223
-330
-427
-514
-588
-644
-676
-713
-762
-804
-851
-884
-897
-854
-781
-716
-661
-630
-578
-512
-425
-306
-191
-85
-8
56
125
232
350
418
475
519
574
593
590
611
592
570
557
553
513
415
311
201
135
91
46
-32
-139
-206
-269
-317
-337
-347
-382
-397
-395
-382
-389
-376
-326
-280
-212
-154
-121
-101
-43
23
83
141
168
181
202
257
303
317
315
285
237
191
158
107
20
-81
-180
-259
-312
-377
-433
-497
-530
-555
-585
-600
-586
-538
-480
-417
-367
-317
-261
-198
-121
-23
78
166
240
289
345
397
438
490
541
576
572
569
573
551
528
507
511
514
470
405
326
275
233
210
183
127
65
-6
-42
-55
-81
-113
-145
-165
-172
-205
-234
-260
-248
-227
-204
-182
-179
-192
-220
-204
-160
-106
-77
-103
-144
-188
-224
-242
-253
-279
-339
-401
-451
-477
-497
-534
-565
-578
-594
-594
-565
-528
-493
-437
-371
-325
-263
-196
-123
-11
90
158
240
286
338
409
460
500
532
576
596
631
660
652
640
632
605
563
534
475
376
310
268
197
125
47
-38
-117
-185
-270
-312
-335
-356
-354
-380
-380
-359
-341
-291
-229
-173
-126
-85
-50
2
38
94
164
213
248
246
264
279
305
326
299
273
228
195
175
138
89
20
-23
-86
-154
-199
-248
-296
-341
-375
-399
-398
-405
-408
-394
-368
-328
-287
-244
-186
-132
-65
1
63
137
202
267
343
416
462
504
540
569
623
672
662
631
606
583
553
510
447
370
296
228
165
81
2
-62
-124
-168
-221
-284
-348
-397
-413
-421
-437
-443
-453
-454
-429
-393
-364
-324
-283
-259
-213
-157
-115
-72
-26
22
45
35
45
76
94
119
123
114
92
59
49
34
15
-19
-59
-89
-94
-96
-91
-69
-52
-60
-53
-28
15
60
101
156
195
226
268
306
349
384
407
434
455
486
477
438
428
421
409
392
346
291
245
219
193
160
111
56
16
-15
-19
-48
-96
-132
-149
-156
-157
-176
-190
-199
-207
-206
-202
-188
-170
-164
-158
-153
-134
-120
-104
-72
-57
-36
-30
-6
23
40
71
78
95
117
148
167
164
161
164
167
149
132
117
109
118
123
114
99
92
92
103
103
94
65
46
41
43
49
42
45
49
70
110
119
129
133
134
154
165
177
185
184
171
157
144
142
139
129
114
81
40
19
-2
-11
-16
-63
-119
-142
-153
-160
-165
-175
-184
-180
-176
-169
-167
-154
-136
-107
-72
-57
-43
-34
-20
1
32
61
89
108
119
135
152
179
211
214
220
227
241
253
240
255
252
254
265
260
237
202
188
184
183
174
158
140
118
104
97
96
97
80
68
62
41
41
47
62
82
79
62
74
103
116
126
133
143
142
134
131
133
139
147
141
117
91
49
10
-3
-16
-43
-61
-85
-112
-124
-126
-123
-127
-132
-135
-130
-115
-98
-86
-65
-44
-35
-20
-4
5
18
24
55
82
78
76
77
94
108
105
108
105
107
126
123
115
125
126
127
153
177
172
167
168
164
168
177
175
164
160
154
150
145
145
121
104
100
71
58
42
22
19
7
-7
-5
-2
-10
-19
-27
-46
-49
-51
-39
-7
1
-23
-39
-43
-51
-54
-51
-47
-49
-47
-45
-40
-29
-11
7
29
72
90
91
89
99
108
112
115
111
120
118
99
68
63
65
59
52
38
25
12
6
9
24
16
5
0
3
16
18
26
27
18
33
47
54
70
91
112
134
150
164
173
194
216
217
216
212
210
206
206
191
174
164
126
86
72
54
34
17
-8
-46
-86
-131
-161
-167
-192
-229
-258
-279
-290
-277
-261
-245
-247
-234
-202
-167
-114
-61
-29
12
59
104
147
177
205
235
250
257
265
259
249
243
233
204
186
163
151
149
116
92
50
15
12
-10
-32
-57
-99
-122
-111
-103
-112
-115
-102
-107
-97
-83
-76
-41
-14
4
16
31
39
54
74
93
100
99
106
119
121
118
112
102
91
83
70
43
25
5
-10
-18
-30
-56
-77
-96
-114
-125
-143
-151
-164
-164
-159
-153
-138
-125
-111
-95
-75
-58
-45
-32
-4
31
73
84
87
97
124
164
178
194
191
190
186
181
176
162
150
135
109
68
40
27
10
-16
-30
-43
-63
-79
-82
-79
-89
-91
-95
-105
-94
-85
-94
-81
-68
-64
-41
-11
9
12
32
53
72
93
95
79
68
65
58
64
68
41
15
-12
-34
-48
-80
-103
-110
-128
-149
-174
-193
-190
-189
-192
-215
-216
-202
-190
-176
-145
-111
-101
-81
-61
-31
-2
23
56
82
106
123
135
133
141
147
149
153
140
122
104
86
60
39
11
-17
-46
-87
-126
-146
-177
-202
-213
-238
-257
-276
-276
-276
-253
-233
-222
-207
-191
-174
-159
-128
-101
-81
-55
-35
-10
29
47
67
80
95
103
107
113
117
116
107
66
31
21
2
-5
-20
-47
-70
-98
-102
-99
-98
-97
-118
-112
-82
-71
-70
-70
-60
-39
-16
-23
-29
-18
-17
-1
14
13
21
26
29
37
31
25
7
-3
-3
-11
-40
-68
-80
-80
-76
-84
-96
-107
-116
-116
-113
-124
-136
-143
-139
-144
-147
-147
-141
-120
-116
-119
-111
-94
-68
-50
-36
-32
-36
-33
-35
-28
-13
-26
-37
-34
-25
-17
-19
-26
-40
-44
-54
-70
-76
-86
-96
-93
-95
-103
-118
-113
-115
-113
-117
-115
-96
-86
-61
-62
-59
-46
-31
-13
4
11
18
18
22
25
20
20
19
16
2
-20
-39
-50
-56
-67
-88
-134
-163
-175
-184
-200
-222
-245
-268
-278
-284
-285
-283
-277
-266
-258
-222
-177
-153
-136
-126
-108
-79
-38
-5
14
23
34
53
83
107
120
106
114
116
112
102
68
44
6
-9
-19
-47
-70
-101
-133
-148
-175
-194
-209
-208
-210
-204
-200
-199
-200
-203
-185
-175
-162
-144
-130
-96
-68
-50
-21
3
27
55
66
70
81
95
99
93
94
74
47
29
24
7
-5
-26
-51
-69
-93
-117
-150
-169
-179
-173
-187
-202
-210
-222
-236
-235
-215
-203
-186
-166
-155
-143
-128
-112
-103
-98
-88
-58
-37
-21
-11
-14
-4
-5
-10
-10
-16
-31
-35
-29
-27
-27
-37
-32
-30
-23
-23
-24
-39
-52
-71
-83
-87
-81
-81
-85
-79
-85
-77
-73
-65
-57
-54
-58
-62
-66
-66
-80
-80
-81
-83
-93
-95
-96
-104
-102
-106
-98
-101
-111
-138
-150
-152
-162
-185
-184
-174
-173
-161
-157
-149
-143
-125
-118
-107
-85
-76
-62
-40
-26
-12
3
25
37
37
30
20
10
9
2
3
7
-2
-9
-8
1
2
-11
-32
-38
-41
-51
-57
-69
-66
-68
-71
-79
-75
-42
-26
-29
-32
-27
-29
-28
-30
-32
-25
-29
-35
-35
-42
-22
-15
-13
-13
-17
-3
-13
-8
-11
-8
-10
-22
-24
-34
-45
-49
-46
-53
-64
-77
-81
-75
-83
-88
-99
-104
-108
-95
-86
-101
-105
-104
-95
-98
-101
-100
-101
-105
-102
-85
-69
-54
-39
-30
-24
-16
-2
3
7
8
11
14
20
25
23
24
27
23
37
32
33
30
23
0
-36
-43
-58
-56
-61
-69
-78
-89
-100
-101
-106
-111
-102
-99
-94
-92
-79
-71
-71
-63
-59
-60
-45
-37
-24
-16
-14
-4
8
13
8
-4
-4
7
6
13
22
21
20
15
10
0
18
30
23
21
3
4
25
29
30
34
24
20
11
18
20
5
-3
-6
2
11
19
29
32
31
23
14
19
30
35
43
39
29
31
33
31
31
24
16
10
-4
-7
-6
-10
-2
0
6
6
-1
-13
-10
-11
2
14
11
3
1
15
10
17
25
17
16
21
20
20
21
25
25
23
21
20
11
14
24
26
28
19
2
0
-3
2
22
21
7
3
0
5
20
28
28
40
42
54
67
74
81
90
95
97
94
100
106
99
104
99
100
109
109
101
90
71
68
52
41
29
8
16
10
20
17
-3
-13
-19
-22
-23
-16
-6
5
14
22
22
22
36
60
71
75
71
82
94
105
108
122
138
139
141
147
146
142
132
129
117
103
104
88
73
65
47
35
27
19
6
-3
7
2
15
21
20
27
22
21
24
29
36
39
51
62
71
73
79
87
100
106
105
108
105
110
113
99
95
93
76
75
76
69
65
53
49
50
40
30
24
21
23
37
37
23
22
23
24
34
32
29
35
42
45
64
75
74
72
71
87
91
97
100
93
94
103
104
93
82
76
68
58
60
66
69
73
81
70
77
88
90
86
79
81
74
81
86
91
95
105
106
113
117
109
111
120
110
112
117
110
117
109
101
95
91
83
87
80
72
66
53
62
69
70
65
48
36
29
27
35
49
62
68
82
93
97
102
109
108
114
122
129
145
143
131
135
138
136
137
134
133
123
112
106
94
90
77
62
57
57
40
31
28
29
22
18
24
16
25
28
29
27
29
37
38
38
46
52
66
62
68
84
91
103
109
112
119
118
119
119
118
128
135
137
128
118
101
84
76
71
71
55
38
30
21
24
27
28
19
15
15
14
25
24
31
49
65
69
83
90
91
95
107
116
123
132
135
142
147
141
136
139
130
121
121
116
104
96
82
84
77
74
71
63
53
36
26
26
34
34
29
19
15
11
6
11
25
34
39
45
60
64
70
76
84
90
92
98
101
105
101
95
92
91
88
77
71
62
62
58
49
47
41
38
28
23
24
25
34
25
28
33
29
36
43
50
44
52
69
88
101
87
88
96
102
117
121
121
108
105
100
93
86
75
64
59
53
44
16
3
6
6
0
-8
-12
-11
-7
-5
9
11
13
10
20
33
54
68
76
82
91
95
110
129
140
147
151
149
148
138
123
120
122
125
120
105
87
77
57
43
32
17
9
-4
-9
-19
-25
-23
-37
-44
-42
-46
-31
-29
-25
-16
-10
-1
7
21
25
30
44
44
54
69
78
91
95
86
84
85
81
72
64
57
53
53
45
29
22
18
15
0
-8
-18
-21
-21
-24
-32
-42
-33
-31
-21
-18
-12
-4
0
7
12
14
18
16
26
29
35
40
41
41
45
41
39
34
26
32
40
34
24
11
3
3
-1
6
-1
5
15
19
21
17
23
28
29
29
32
37
46
51
52
52
52
55
52
58
48
43
44
44
52
36
30
19
14
9
-1
-15
-31
-40
-47
-39
-38
-39
-43
-49
-60
-57
-61
-55
-41
-28
-26
-27
-24
-19
-8
-4
-3
12
14
11
9
4
21
22
17
15
20
10
-7
-17
-28
-27
-35
-37
-59
-69
-72
-66
-69
-84
-87
-101
-92
-97
-97
-96
-91
-94
-99
-92
-82
-73
-64
-51
-49
-39
-35
-24
-12
4
8
11
10
16
28
38
43
37
38
25
23
20
15
11
11
4
-8
-10
-18
-41
-55
-69
-74
-80
-90
-91
-82
-77
-78
-72
-73
-72
-69
-64
-47
-41
-37
-36
-30
-19
-15
-14
-22
-28
-29
-22
-15
-12
-20
-27
-39
-44
-40
-43
-42
-56
-60
-72
-75
-77
-78
-60
-59
-50
-47
-44
-45
-47
-58
-68
-65
-64
-57
-43
-39
-26
-19
-18
-20
-25
-32
-41
-34
-24
-25
-39
-40
-49
-47
-46
-56
-62
-73
-88
-90
-88
-102
-109
-119
-112
-114
-120
-115
-118
-115
-118
-108
-101
-95
-82
-89
-90
-80
-82
-86
-80
-73
-61
-67
-70
-63
-59
-45
-45
-64
-75
-87
-85
-88
-90
-96
-106
-104
-104
-99
-110
-114
-104
-105
-103
-104
-101
-98
-99
-81
-68
-66
-57
-58
-64
-59
-55
-57
-64
-65
-64
-67
-66
-59
-51
-52
-47
-39
-47
-55
-66
-64
-73
-79
-82
-87
-83
-87
-87
-85
-93
-88
-86
-97
-90
-87
-84
-74
-76
-71
-67
-62
-73
-76
-79
-74
-72
-72
-67
-67
-69
-69
-70
-73
-61
-69
-68
-69
-77
-85
-86
-82
-86
-87
-88
-90
-95
-104
-98
-87
-75
-79
-87
-94
-106
-106
-101
-97
-96
-98
-101
-101
-92
-77
-72
-75
-89
-108
-112
-112
-109
-111
-117
-121
-125
-118
-123
-121
-123
-128
-136
-132
-124
-126
-118
-112
-113
-117
-127
-121
-117
-113
-111
-109
-102
-105
-93
-90
-84
-79
-82
-83
-91
-103
-108
-104
-104
-92
-93
-94
-100
-106
-113
-122
-116
-120
-119
-115
-113
-119
-130
-139
-134
-127
-128
-127
-129
-127
-127
-128
-120
-105
-105
-109
-103
-96
-84
-79
-83
-84
-78
-71
-63
-63
-67
-77
-81
-79
-80
-80
-70
-73
-68
-65
-67
-76
-74
-72
-71
-69
-74
-78
-81
-81
-104
-103
-105
-102
-89
-92
-85
-91
-92
-94
-91
-91
-100
-95
-96
-95
-114
-118
-115
-112
-110
-110
-103
-98
-99
-92
-87
-82
-76
-82
-87
-93
-86
-96
-106
-103
-108
-101
-102
-101
-85
-83
-89
-79
-83
-87
-88
-91
-86
-93
-87
-95
-89
-93
-96
-85
-84
-71
-70
-69
-68
-64
-59
-57
-61
-62
-72
-74
-78
-71
-63
-64
-64
-55
-54
-67
-67
-67
-67
-62
-55
-57
-55
-64
-71
-79
-77
-79
-84
-88
-82
-82
-75
-79
-85
-82
-95
-101
-104
-98
-100
-100
-101
-98
-101
-111
-99
-98
-102
-101
-100
-94
-84
-86
-90
-77
-88
-89
-74
-75
-74
-76
-72
-67
-68
-70
-69
-66
-72
-70
-70
-82
-82
-90
-92
-92
-95
-89
-78
-77
-81
-85
-84
-87
-80
-96
-97
-86
-87
-66
-64
-56
-55
-54
-54
-45
-51
-45
-43
-49
-53
-61
-62
-61
-55
-52
-30
-32
-39
-43
-40
-36
-27
-31
-41
-51
-56
-48
-42
-40
-47
-46
-43
-42
-44
-46
-39
-52
-56
-48
-42
-46
-58
-63
-66
-58
-45
-37
-26
-17
-25
-28
-38
-30
-24
-22
-22
-16
-12
-21
-14
-7
-17
-22
-15
-13
-11
-8
-18
-15
-12
-25
-27
-39
-41
-37
-32
-39
-47
-52
-62
-48
-45
-35
-26
-32
-31
-25
-28
-34
-25
-25
-30
-31
-46
-57
-53
-48
-42
-40
-33
-40
-36
-20
-21
-22
-27
-30
-35
-37
-50
-53
-45
-50
-48
-59
-58
-50
-50
-40
-35
-31
-27
-27
-28
-25
-33
-33
-25
-30
-27
-17
-12
-14
-22
-28
-8
7
5
4
13
8
14
9
14
15
7
-3
-12
-7
-3
1
-3
-1
-5
-1
-12
-7
0
13
12
10
12
11
13
6
5
4
6
7
11
20
19
25
34
24
28
17
22
22
33
23
13
16
2
13
10
18
23
19
26
37
38
37
39
30
24
28
30
25
20
5
8
3
9
14
5
2
2
11
19
33
33
25
31
37
31
30
22
18
17
20
15
14
17
25
30
28
27
29
35
43
43
37
32
38
25
22
30
31
27
25
32
26
29
36
34
43
37
35
29
22
23
25
25
19
22
20
23
26
34
41
41
44
56
54
52
57
53
52
62
71
68
68
57
54
49
54
57
55
50
59
63
66
71
76
76
68
56
50
52
49
46
41
38
40
41
54
67
73
75
55
51
53
56
55
51
47
40
39
22
21
37
47
44
40
49
55
59
66
70
77
76
57
45
28
34
29
33
45
53
61
52
62
76
85
98
88
76
77
79
78
67
55
67
70
55
48
63
65
70
78
79
81
79
89
92
76
79
76
68
67
72
63
46
45
60
69
77
84
72
64
69
78
92
102
97
88
75
70
72
81
77
72
54
39
48
44
60
70
76
81
77
78
75
77
72
61
53
50
42
37
35
39
47
58
65
76
75
73
86
78
92
91
90
74
55
56
51
66
74
77
72
56
52
61
58
51
61
60
52
43
22
16
21
22
12
8
10
22
21
25
25
38
54
51
49
40
60
75
77
73
69
72
65
64
61
61
69
75
74
81
85
97
114
112
110
100
93
99
101
91
88
96
89
76
58
57
65
77
77
73
61
59
54
62
77
75
78
80
93
87
77
72
65
69
74
68
70
73
89
92
87
95
97
110
113
106
107
97
90
91
96
94
88
77
77
90
100
104
100
90
84
88
100
106
102
100
98
95
85
75
76
78
76
72
72
66
72
71
63
67
65
74
72
81
81
81
80
70
71
66
62
55
65
58
57
58
57
64
65
60
60
54
37
39
42
38
44
44
37
45
49
61
66
82
77
64
72
74
75
68
73
76
73
66
62
68
66
63
60
52
51
46
52
61
56
63
62
58
61
63
58
55
54
56
61
71
68
52
50
48
56
78
86
84
79
95
99
96
100
97
97
89
93
89
74
83
79
76
74
73
75
79
85
75
70
73
71
81
82
67
73
75
70
69
73
68
64
72
61
58
61
86
87
74
77
72
68
75
73
76
82
83
76
66
58
63
59
60
69
66
65
75
88
94
95
83
75
57
45
37
30
28
26
27
34
27
24
24
25
30
34
28
18
11
18
15
16
17
8
12
16
17
16
20
14
16
30
35
35
45
36
35
39
42
47
51
45
41
44
42
47
45
48
52
60
63
67
70
75
80
80
80
66
49
40
41
50
49
35
30
33
37
38
29
36
28
24
28
24
15
10
20
27
30
35
26
18
20
25
32
46
46
42
44
55
59
60
58
51
40
27
34
35
34
50
56
54
53
52
50
44
59
54
44
44
38
40
42
41
37
27
11
12
16
12
11
20
18
21
28
28
26
24
26
20
26
31
23
21
30
25
11
6
13
19
28
27
26
19
23
26
32
27
16
13
17
15
5
5
14
22
15
-2
-26
-29
-24
-22
-14
-10
-7
1
-8
-5
0
5
15
8
-1
-2
-2
2
7
16
21
21
26
23
30
34
32
41
48
54
36
49
56
54
58
51
42
37
52
44
38
33
38
45
40
23
14
20
27
38
35
22
10
-1
0
2
1
2
-8
-10
-2
-5
2
-10
-8
0
-1
3
-1
3
-9
-5
1
9
16
15
21
8
-5
-5
-2
2
-1
-3
-3
-1
3
13
23
21
15
0
-3
-4
-3
-3
-12
-15
-15
-6
0
-4
-1
5
5
-2
1
6
7
16
12
-1
-3
-6
-11
-18
-21
-15
-3
4
-7
-25
-32
-24
-14
-19
-10
-9
-8
-18
-25
-3
1
5
-4
-12
-26
-25
-27
-30
-8
0
-3
1
7
15
15
11
12
6
-6
-3
7
10
8
6
2
-7
-9
-21
-21
-12
-8
5
12
-5
-9
-4
-10
-11
-6
-9
-3
-7
-14
-10
-14
-10
-8
3
1
-3
-8
-8
6
3
0
-8
-11
-9
-9
-3
-11
-23
-29
-36
-35
-33
-25
-19
-21
-29
-31
-29
-26
-26
-23
-32
-31
-31
-33
-33
-27
-26
-38
-41
-49
-53
-57
-42
-25
-23
-14
-17
-15
-11
-12
-12
-10
-9
-10
-4
-7
-3
0
0
2
-1
8
15
22
19
15
14
15
1
-21
-25
-28
-27
-28
-22
-16
-27
-23
-31
-17
-22
-24
-24
-25
-11
-15
-10
-16
-27
-21
-11
-19
-20
-19
-19
-19
-11
-7
6
10
-1
-8
-8
-13
-1
1
1
2
-15
-26
-19
-11
-9
-8
-17
-23
-40
-30
-30
-32
-28
-34
-45
-53
-47
-51
-51
-47
-43
-40
-44
-52
-44
-40
-44
-50
-54
-57
-65
-56
-50
-53
-52
-52
-41
-38
-30
-37
-43
-52
-52
-49
-45
-47
-57
-60
-63
-68
-64
-49
-33
-32
-43
-41
-53
-51
-45
-49
-49
-45
-41
-52
-56
-42
-18
-12
-18
-24
-24
-20
-24
-30
-36
-37
-32
-27
-23
-18
-19
-26
-32
-40
-31
-21
-15
-15
-23
-24
-17
-14
-15
-18
-27
-27
-18
-25
-20
-21
-16
-11
-11
-13
-20
-21
-16
-26
-29
-25
-20
-16
-25
-31
-32
-24
-32
-50
-45
-35
-27
-34
-41
-37
-39
-35
-46
-42
-34
-35
-42
-64
-63
-49
-42
-31
-33
-39
-45
-56
-58
-60
-62
-54
-50
-56
-57
-51
-48
-45
-42
-42
-53
-54
-57
-52
-52
-54
-47
-47
-44
-55
-45
-42
-48
-33
-32
-36
-39
-35
-34
-45
-45
-44
-43
-49
-46
-47
-43
-35
-36
-31
-46
-53
-47
-49
-50
-46
-43
-49
-50
-51
-55
-44
-32
-30
-32
-39
-48
-46
-47
-33
-21
-20
-17
-10
-8
7
9
16
9
-2
-5
-3
-4
-13
-11
4
7
5
1
6
5
-13
-4
-1
-1
-4
-13
-14
-6
1
5
-1
-6
-4
-14
-27
-38
-46
-42
-36
-40
-49
-52
-46
-34
-21
-13
-14
-21
-24
-17
-13
-31
-22
-30
-38
-18
-17
-14
3
6
15
21
13
7
-1
-5
-8
-8
-17
-28
-36
-36
-36
-26
-31
-37
-43
-46
-38
-26
-27
-33
-34
-33
-28
-16
-16
-18
-13
-17
-16
-12
-14
-9
-18
-37
-38
-40
-31
-29
-16
-1
-7
-19
-24
-13
-22
-20
-17
-25
-34
-35
-35
-36
-28
-28
-27
-23
-29
-22
-14
-18
-11
-5
-9
-22
-26
-24
-16
-8
-10
-7
-17
-26
-28
-11
3
7
2
-3
2
11
7
3
2
1
2
-3
-9
-7
4
5
-4
-4
-13
-3
13
16
11
11
8
8
11
16
6
2
0
1
13
7
0
-5
-10
-2
23
28
31
28
21
1
-12
-12
-11
5
2
-1
-11
-21
-24
-12
-1
9
20
17
11
-4
-7
9
8
9
10
14
13
15
31
34
21
5
-4
5
11
11
12
4
3
-4
-3
-12
-23
-22
-9
9
16
8
6
2
-14
-1
14
17
9
2
2
1
-8
-4
11
9
8
8
-2
-5
12
40
35
23
15
3
7
5
4
6
0
-5
-13
-18
-8
-5
11
-1
-13
-17
-14
-11
-9
0
4
10
6
9
11
22
32
36
31
33
41
36
27
24
26
35
33
20
28
36
40
40
48
46
42
56
57
54
43
42
56
47
39
35
32
32
36
39
43
45
55
48
52
40
32
35
37
44
35
25
22
20
21
33
25
32
33
37
33
28
30
35
38
39
41
36
40
36
24
11
9
10
13
23
25
35
28
25
29
25
14
11
9
25
30
33
18
8
17
14
12
16
33
33
29
24
18
28
18
12
9
7
8
12
10
15
23
21
20
21
21
30
35
25
26
29
31
36
45
42
34
22
21
21
18
18
13
8
4
8
14
14
7
1
20
24
25
18
9
16
9
15
13
-2
-9
-16
-10
10
27
23
23
12
15
19
23
32
27
31
31
30
17
8
-2
-7
-7
6
18
25
25
22
26
36
31
21
15
21
32
26
15
-2
-3
4
12
9
14
11
15
29
42
42
39
34
20
23
26
35
43
42
39
29
19
19
25
31
31
35
33
30
28
22
13
10
12
11
17
13
20
4
-4
9
3
-3
-8
3
3
7
8
10
7
3
2
4
17
29
37
44
42
31
36
42
53
52
56
58
49
40
38
34
30
44
42
32
27
19
9
-1
0
3
0
3
-1
2
1
-10
-3
0
-1
0
-9
-19
-26
-24
-19
-19
-13
-9
4
10
12
24
16
5
-6
-4
2
9
18
17
14
1
-2
-4
-7
-13
-11
-12
-13
-15
-17
-26
-29
-30
-34
-35
-27
-15
-20
-19
-17
-11
-1
17
29
37
39
40
41
46
53
49
53
44
52
60
56
50
38
29
16
13
6
5
8
5
11
1
-2
2
-2
8
7
13
14
5
5
-5
6
5
3
-5
-3
16
10
12
1
3
4
5
14
7
5
4
4
-1
-7
-3
3
7
2
-3
-11
-18
-24
-19
1
3
-5
-18
-30
-19
-23
-29
-21
-15
-25
-38
-51
-59
-47
-26
-11
-13
-21
-28
-28
-18
-3
6
-1
-3
-14
-26
-18
-24
-37
-42
-38
-42
-36
-34
-41
-45
-44
-48
-69
-81
-76
-69
-78
-63
-64
-75
-85
-85
-72
-61
-50
-46
-35
-28
-29
-36
-36
-28
-23
-23
-28
-38
-43
-44
-35
-34
-33
-29
-38
-45
-45
-46
-36
-28
-19
-18
-14
-17
-9
3
9
15
27
29
36
27
19
23
15
13
25
33
33
36
33
35
24
15
10
5
3
-8
-26
-40
-46
-54
-57
-58
-62
-60
-53
-42
-37
-37
-34
-38
-53
-57
-61
-62
-54
-47
-50
-51
-52
-40
-26
-26
-13
-7
-5
4
1
-2
-3
-13
-17
-21
-17
-15
-21
-20
-17
-17
-44
-44
-38
-45
-52
-59
-76
-71
-69
-66
-61
-65
-60
-55
-55
-55
-57
-52
-47
-34
-31
-37
-36
-38
-48
-46
-38
-24
-13
-18
-33
-46
-54
-58
-46
-48
-47
-56
-50
-43
-46
-52
-55
-64
-68
-61
-58
-51
-40
-52
-62
-60
-60
-49
-36
-27
-30
-29
-37
-39
-30
-30
-26
-18
-14
-23
-33
-34
-33
-24
-19
-15
-22
-22
-20
-22
-30
-39
-47
-60
-61
-66
-53
-45
-35
-44
-49
-47
-55
-48
-49
-46
-35
-22
-15
-12
-16
-9
0
-8
1
-2
-3
9
10
10
9
5
-10
-10
-13
-7
-11
-24
-38
-44
-47
-51
-56
-61
-66
-70
-69
-55
-50
-49
-51
-55
-47
-37
-30
-24
-28
-24
-27
-26
-36
-35
-11
5
10
7
0
-6
1
1
10
16
19
25
15
2
-12
-7
5
3
-8
-9
1
-12
-23
-32
-45
-45
-45
-44
-40
-43
-44
-45
-45
-45
-47
-51
-59
-49
-54
-38
-32
-33
-23
-32
-46
-51
-58
-53
-47
-52
-56
-59
-62
-59
-65
-69
-63
-60
-67
-67
-64
-69
-73
-68
-61
-66
-61
-50
-53
-51
-42
-37
-31
-23
-21
-14
3
9
17
23
23
29
29
31
27
15
12
7
5
1
-3
-3
-10
-8
-7
-17
-22
-25
-19
-11
-6
0
-11
-16
-15
-19
-11
5
8
18
22
26
41
48
45
44
40
46
61
70
58
46
32
28
30
38
45
28
15
27
28
18
11
2
-1
-7
-11
-20
-16
-21
-22
-17
-15
-11
-18
-18
-12
-11
-7
-1
1
9
13
22
43
53
46
46
42
38
49
42
43
43
24
8
9
15
15
10
4
-4
-11
-25
-30
-19
-20
-31
-45
-66
-76
-68
-46
-36
-30
-18
-13
-6
0
11
11
1
4
6
16
23
14
18
10
11
12
12
17
19
14
7
10
16
11
8
5
7
15
18
19
18
18
19
18
23
36
35
41
52
59
60
66
65
57
58
57
63
79
78
70
71
74
72
70
65
53
51
51
64
67
69
61
52
45
44
45
40
38
47
49
38
38
38
46
57
63
63
59
64
65
72
92
102
106
102
103
111
115
119
105
91
79
77
97
102
92
81
74
68
58
60
71
74
75
77
81
70
70
64
59
70
74
67
67
77
87
96
96
89
71
74
72
65
53
56
58
54
56
55
60
56
50
43
40
27
31
21
21
35
35
32
39
40
36
42
34
33
28
30
39
45
51
58
49
42
38
43
63
68
69
62
54
56
49
50
46
41
42
41
46
43
45
46
45
46
57
61
45
36
32
34
38
34
40
47
37
55
64
68
72
69
71
75
81
93
94
104
120
112
105
100
103
108
113
109
104
97
91
91
82
83
88
83
76
74
76
82
79
78
77
72
71
72
82
78
68
77
91
103
112
106
109
118
132
138
128
125
137
135
117
113
106
114
120
112
112
115
113
109
99
95
101
93
89
81
76
74
63
59
51
46
41
30
29
38
55
57
54
59
62
60
54
49
48
49
46
36
17
10
12
13
11
11
16
16
26
33
27
19
21
8
6
1
2
-4
-13
1
9
7
14
21
27
33
42
47
40
47
50
57
53
59
67
63
54
51
59
70
70
69
70
64
67
75
76
71
62
53
53
49
40
28
19
10
11
14
22
27
34
47
42
43
51
60
68
69
72
77
70
61
64
62
59
63
71
83
96
92
90
85
76
72
58
59
63
61
63
57
55
47
47
51
58
57
44
28
29
24
14
19
12
19
25
26
23
15
9
9
10
18
22
23
24
18
17
16
29
30
26
17
8
-4
-6
2
-9
-4
-3
-10
-13
-5
5
16
13
12
5
20
22
17
18
10
-4
-14
-8
-14
-10
-15
-21
-29
-32
-27
-21
-25
-33
-31
-42
-40
-39
-25
-26
-31
-23
-37
-39
-39
-37
-36
-30
-24
-33
-46
-32
-16
-3
5
3
-6
-7
-7
-21
-23
-27
-29
-22
-22
-19
-11
-12
-24
-32
-27
-22
-29
-25
-22
-14
-26
-34
-34
-38
-34
-43
-56
-70
-64
-61
-53
-47
-50
-44
-48
-52
-56
-60
-56
-57
-55
-63
-61
-59
-66
-60
-67
-66
-58
-53
-54
-60
-59
-51
-48
-51
-57
-45
-47
-50
-53
-60
-60
-55
-56
-57
-64
-67
-60
-63
-49
-42
-36
-33
-32
-42
-39
-40
-34
-42
-53
-55
-54
-39
-33
-32
-46
-57
-56
-51
-49
-48
-40
-42
-52
-49
-51
-46
-52
-60
-62
-55
-58
-56
-55
-59
-66
-72
-57
-52
-43
-38
-35
-31
-42
-53
-59
-63
-66
-68
-63
-62
-72
-86
-90
-89
-87
-88
-98
-105
-102
-98
-93
-101
-114
-111
-114
-126
-132
-128
-117
-106
-97
-106
-114
-126
-120
-101
-100
-90
-86
-100
-93
-88
-90
-91
-97
-98
-103
-105
-106
-108
-104
-104
-108
-121
-111
-97
-100
-96
-94
-108
-110
-121
-124
-116
-107
-101
-107
-112
-118
-116
-109
-107
-107
-121
-128
-128
-110
-100
-100
-102
-112
-100
-105
-93
-91
-96
-94
-105
-106
-102
-88
-85
-89
-95
-111
-96
-105
-93
-94
-98
-104
-113
-100
-103
-104
-98
-103
-105
-105
-110
-111
-102
-93
-96
-100
-102
-102
-94
-90
-94
-99
-111
-108
-117
-120
-127
-127
-113
-131
-130
-128
-125
-112
-121
-133
-142
-153
-141
-143
-150
-149
-144
-140
-136
-134
-146
-154
-158
-149
-136
-134
-138
-135
-130
-120
-114
-123
-127
-130
-124
-119
-113
-130
-136
-123
-116
-109
-120
-124
-129
-131
-129
-121
-120
-115
-127
-130
-130
-119
-111
-107
-113
-126
-117
-122
-121
-118
-111
-115
-109
-98
-112
-122
-121
-121
-121
-111
-108
-111
-106
-114
-114
-109
-107
-112
-108
-106
-101
-103
-101
-93
-88
-79
-85
-90
-91
-92
-98
-96
-95
-92
-86
-90
-88
-80
-75
-82
-83
-86
-85
-87
-81
-82
-87
-79
-78
-74
-67
-74
-71
-77
-85
-97
-95
-75
-63
-71
-90
-87
-80
-84
-76
-83
-80
-77
-82
-80
-87
-98
-95
-90
-81
-84
-86
-90
-95
-84
-92
-87
-80
-91
-85
-81
-71
-64
-74
-82
-80
-77
-77
-68
-78
-75
-74
-78
-78
-75
-78
-82
-80
-80
-84
-78
-78
-72
-75
-85
-85
-83
-78
-74
-67
-70
-78
-76
-76
-65
-54
-43
-49
-47
-47
-43
-40
-46
-48
-43
-46
-50
-35
-23
-21
-21
-22
-33
-31
-33
-34
-36
-26
-30
-40
-44
-33
-36
-39
-43
-32
-29
-34
-21
-25
-20
-30
-29
-36
-35
-36
-48
-57
-66
-55
-43
-26
-26
-29
-18
-4
-15
-5
1
-1
-9
-16
-11
-10
-3
-4
-4
-9
-18
-6
1
11
12
16
23
19
12
15
8
19
24
26
25
16
20
26
29
22
25
17
27
40
44
34
32
39
38
43
29
17
15
18
12
2
-8
-8
-13
-21
-13
-4
6
11
6
14
25
28
34
30
24
20
23
32
34
31
42
50
50
60
71
71
80
71
77
67
65
69
76
68
51
44
42
53
56
53
45
47
41
48
48
46
40
36
38
35
41
36
36
42
39
40
44
57
52
46
46
46
55
64
63
66
80
90
94
94
88
81
84
84
75
81
77
73
72
72
80
75
87
87
83
98
108
115
112
111
109
110
112
109
127
123
115
109
114
127
128
128
128
139
141
136
133
134
136
119
121
113
121
113
110
127
125
125
120
125
125
128
133
130
137
147
150
157
151
144
144
144
151
158
156
149
144
144
151
156
151
156
150
143
136
132
133
128
126
125
121
120
125
106
97
90
84
91
89
89
97
88
92
88
85
87
85
90
90
86
94
111
127
131
136
139
143
148
146
153
159
160
154
155
158
145
142
143
148
153
148
143
145
151
149
151
151
139
136
139
139
136
133
124
127
133
137
149
149
161
167
165
168
165
158
152
156
164
160
163
157
150
164
172
164
149
152
153
162
165
175
185
176
173
176
177
167
163
157
153
152
151
161
159
165
165
167
180
188
186
188
195
194
180
181
167
158
165
162
159
151
161
164
161
170
165
155
148
145
146
159
154
146
131
129
130
129
136
131
142
146
160
161
150
148
145
144
153
156
165
163
158
154
152
154
159
160
148
136
136
141
141
148
155
149
146
136
139
141
148
146
142
144
145
146
141
132
133
137
137
135
142
136
135
137
133
130
129
144
142
141
149
154
157
155
147
138
143
141
140
135
132
139
135
140
136
128
127
112
114
127
128
122
116
111
108
116
122
126
132
125
122
121
118
126
129
135
141
137
131
121
122
116
114
122
124
116
119
109
102
117
122
116
104
97
106
112
109
122
121
117
127
124
117
118
110
110
109
108
109
111
126
136
144
140
137
141
139
138
141
136
132
122
103
95
93
84
76
75
60
53
63
64
68
56
61
62
50
57
56
53
44
42
25
31
46
50
56
49
54
46
56
66
74
69
66
74
74
79
70
71
73
73
68
62
67
67
63
68
77
79
74
63
61
62
60
64
52
46
50
41
45
51
47
48
46
44
36
38
38
38
34
33
23
22
28
27
23
9
3
-1
2
-5
-7
-16
-7
-12
-5
4
-2
-1
-6
-1
0
-2
-1
10
19
16
11
22
28
30
45
51
49
47
52
50
52
52
44
39
34
38
26
32
31
19
14
12
18
20
22
18
11
1
2
2
5
12
2
-5
-9
-10
3
0
-4
-6
-10
-10
-15
-6
-6
-14
-25
-23
-13
-10
-15
-14
-7
-5
-4
-7
-7
-9
-4
-13
-21
-23
-42
-35
-36
-26
-21
-30
-34
-38
-38
-41
-34
-34
-32
-36
-39
-38
-41
-49
-52
-51
-59
-69
-65
-56
-59
-61
-58
-57
-57
-58
-66
-74
-63
-58
-53
-53
-58
-53
-44
-42
-44
-49
-44
-41
-31
-30
-36
-45
-48
-43
-37
-46
-52
-43
-50
-51
-66
-55
-49
-69
-77
-88
-75
-77
-81
-91
-99
-93
-103
-112
-116
-119
-111
-108
-108
-98
-95
-98
-95
-98
-95
-84
-86
-79
-78
-84
-73
-62
-59
-66
-75
-66
-61
-48
-44
-41
-34
-32
-36
-35
-33
-36
-48
-45
-47
-45
-49
-53
-51
-56
-69
-70
-70
-87
-96
-98
-90
-90
-101
-104
-113
-110
-117
-133
-127
-126
-128
-140
-138
-135
-122
-126
-118
-118
-118
-106
-120
-116
-121
-115
-104
-94
-87
-90
-87
-84
-81
-77
-79
-86
-92
-83
-72
-58
-64
-74
-73
-82
-80
-76
-79
-82
-82
-85
-88
-92
-109
-108
-112
-120
-124
-126
-115
-122
-121
-118
-120
-118
-128
-140
-133
-132
-127
-135
-139
-131
-136
-133
-138
-134
-127
-111
-112
-120
-125
-116
-109
-115
-124
-123
-122
-135
-134
-126
-117
-119
-123
-127
-118
-113
-106
-109
-113
-113
-114
-112
-123
-120
-123
-123
-126
-136
-135
-122
-115
-125
-118
-119
-124
-129
-127
-121
-119
-132
-133
-136
-129
-125
-122
-115
-103
-101
-113
-112
-115
-110
-103
-94
-91
-95
-99
-95
-88
-85
-89
-87
-92
-97
-99
-96
-99
-102
-94
-100
-103
-105
-99
-97
-106
-106
-105
-102
-105
-115
-114
-106
-94
-90
-103
-113
-106
-91
-82
-93
-96
-87
-87
-86
-78
-86
-90
-88
-96
-88
-88
-93
-84
-84
-83
-78
-95
-98
-93
-98
-100
-103
-101
-97
-102
-110
-107
-113
-110
-117
-117
-116
-120
-119
-121
-117
-121
-124
-126
-127
-122
-125
-131
-135
-140
-142
-139
-136
-142
-147
-151
-140
-132
-128
-125
-123
-131
-124
-122
-109
-103
-107
-113
-122
-127
-127
-123
-117
-100
-87
-90
-92
-84
-66
-55
-48
-58
-58
-55
-62
-67
-62
-68
-79
-77
-74
-71
-85
-81
-93
-98
-86
-79
-84
-88
-90
-79
-72
-73
-81
-86
-84
-75
-72
-81
-77
-83
-76
-81
-75
-78
-69
-59
-68
-64
-70
-59
-51
-52
-42
-35
-42
-41
-29
-32
-34
-20
-29
-36
-38
-45
-36
-40
-45
-39
-38
-29
-35
-42
-40
-38
-32
-38
-40
-44
-50
-57
-52
-54
-64
-79
-76
-54
-50
-57
-65
-67
-63
-56
-50
-60
-63
-56
-50
-48
-49
-44
-47
-50
-49
-45
-40
-32
-25
-34
-44
-42
-39
-28
-30
-25
-24
-24
-35
-43
-41
-48
-41
-37
-36
-42
-47
-45
-42
-50
-42
-48
-51
-43
-27
-32
-30
-21
-26
-27
-29
-19
-16
-17
-21
-21
-22
-17
-15
-11
-18
-13
-12
-8
4
3
11
19
21
20
13
7
-2
1
9
8
19
13
16
17
6
14
21
17
18
15
9
9
13
8
3
9
10
8
10
-5
-10
-4
-1
7
4
-3
-13
-8
3
10
11
6
9
10
6
13
15
20
18
10
12
13
17
16
20
17
19
27
36
33
27
21
21
11
17
17
21
33
32
39
30
38
40
32
37
47
54
57
47
40
38
38
38
33
38
37
36
36
32
33
39
34
27
36
39
44
40
42
28
39
48
31
31
26
24
23
21
22
27
15
19
28
33
37
38
42
42
48
46
48
62
60
55
49
52
61
68
60
57
54
48
55
59
53
44
46
48
49
53
53
56
57
55
54
50
61
54
51
51
49
60
61
70
65
56
58
56
59
66
59
55
50
46
50
50
50
55
60
51
50
52
51
55
56
56
57
63
63
54
61
61
58
57
58
54
56
64
64
60
60
63
72
67
70
79
77
82
87
79
78
63
76
85
89
86
65
57
58
59
61
59
62
64
59
61
53
60
61
68
76
69
76
83
78
89
91
90
90
88
72
70
80
85
79
88
88
76
82
86
83
68
73
66
67
58
56
61
60
65
69
64
70
74
85
80
70
70
74
84
87
85
84
83
80
89
92
90
89
87
82
85
89
96
97
83
85
88
91
90
83
76
83
76
74
76
76
78
81
95
86
87
84
84
86
86
85
78
78
71
65
66
80
72
74
77
75
77
81
76
66
77
68
59
68
68
59
63
67
57
57
61
68
64
54
53
53
59
66
66
67
72
60
57
52
52
62
65
57
52
48
47
55
50
46
53
59
60
62
60
51
57
46
39
35
32
32
27
41
40
36
31
38
42
36
36
31
38
41
34
30
26
40
47
45
51
53
59
58
50
49
50
64
73
72
72
64
60
67
60
57
55
62
70
61
54
55
49
46
55
62
54
47
42
40
40
40
31
29
35
34
31
22
20
21
39
48
46
51
52
56
53
58
60
60
61
60
59
51
53
51
48
41
37
40
43
38
32
27
26
29
27
19
13
13
13
20
17
6
-2
0
23
31
23
9
2
12
20
18
10
1
-3
-4
3
-11
-7
-2
-10
-14
-11
-20
-17
-10
-14
-7
-18
-18
-17
-15
-6
0
7
-2
-12
-13
-9
-16
-2
5
-2
5
1
1
-4
-11
-9
2
8
-1
6
11
11
4
5
3
1
7
2
1
1
7
7
1
-8
-17
-11
-7
-18
-27
-43
-48
-37
-34
-30
-25
-23
-21
-12
-6
-16
-21
-18
-21
-24
-29
-30
-28
-35
-27
-32
-25
-26
-26
-25
-13
-7
-6
-4
-13
-21
-17
-23
-21
-32
-36
-30
-36
-29
-34
-29
-29
-31
-36
-39
-38
-31
-33
-40
-36
-32
-35
-30
-22
-24
-34
-40
-38
-33
-44
-47
-39
-29
-36
-38
-32
-27
-22
-14
-18
-31
-35
-40
-34
-37
-35
-40
-48
-54
-42
-47
-44
-33
-32
-48
-56
-51
-43
-36
-47
-56
-57
-51
-59
-62
-61
-59
-46
-46
-51
-62
-66
-62
-65
-69
-71
-78
-68
-75
-78
-78
-78
-76
-79
-78
-79
-90
-99
-96
-86
-77
-82
-91
-92
-88
-71
-63
-63
-68
-73
-73
-79
-75
-74
-84
-82
-78
-87
-90
-86
-84
-74
-74
-72
-70
-79
-85
-81
-88
-91
-96
-103
-102
-97
-93
-88
-85
-84
-86
-84
-79
-83
-83
-78
-72
-76
-74
-72
-81
-84
-82
-81
-86
-90
-76
-78
-75
-67
-66
-64
-57
-51
-57
-53
-59
-68
-67
-70
-70
-66
-72
-68
-63
-69
-78
-77
-66
-52
-53
-49
-46
-49
-42
-42
-46
-54
-51
-60
-52
-44
-54
-53
-58
-51
-49
-49
-50
-56
-49
-53
-59
-56
-53
-64
-57
-67
-81
-75
-76
-72
-79
-86
-80
-71
-68
-71
-80
-85
-79
-81
-87
-90
-90
-80
-79
-81
-85
-81
-82
-83
-89
-93
-93
-95
-88
-93
-77
-75
-82
-80
-78
-77
-87
-90
-87
-82
-87
-91
-87
-95
-86
-84
-85
-84
-73
-65
-67
-64
-77
-88
-89
-81
-75
-80
-88
-89
-86
-83
-80
-80
-69
-67
-68
-57
-54
-60
-62
-68
-86
-83
-80
-81
-84
-82
-84
-86
-72
-65
-67
-77
-77
-80
-81
-78
-82
-82
-80
-75
-71
-70
-72
-74
-63
-51
-42
-48
-52
-53
-51
-47
-44
-52
-60
-58
-52
-55
-63
-58
-50
-49
-51
-57
-67
-61
-48
-39
-40
-41
-45
-42
-45
-57
-55
-46
-47
-53
-53
-56
-67
-58
-48
-48
-49
-51
-44
-37
-37
-49
-54
-49
-54
-53
-51
-56
-56
-43
-41
-40
-40
-39
-24
-23
-32
-43
-45
-40
-42
-45
-48
-43
-47
-42
-31
-31
-29
-29
-27
-25
-27
-31
-24
-26
-31
-31
-30
-22
-20
-21
-14
-16
-27
-30
-27
-21
-25
-31
-34
-32
-31
-34
-35
-35
-31
-35
-36
-33
-34
-37
-31
-35
-39
-34
-25
-17
-17
-24
-23
-23
-16
-26
-36
-36
-39
-37
-38
-35
-43
-37
-34
-34
-31
-29
-33
-30
-22
-26
-25
-28
-23
-18
-27
-19
-15
-11
-2
-4
-1
-3
1
-4
7
10
-2
-5
-6
12
12
6
0
-2
3
14
16
14
7
-4
-7
-4
-7
-9
-15
-16
-18
-26
-15
-15
-8
-12
-10
-9
1
4
-3
4
-5
-2
-1
3
13
13
15
26
33
33
32
37
43
47
41
49
53
54
59
53
54
56
52
40
33
34
43
55
56
58
51
48
54
55
49
30
30
22
23
24
16
3
3
4
6
7
3
0
-7
7
1
3
0
-2
2
3
1
-1
-4
-4
5
12
12
11
21
24
34
36
27
34
44
38
22
22
23
31
16
19
24
29
26
28
32
32
36
35
39
38
34
31
21
20
25
24
27
27
25
33
39
35
44
34
24
17
25
28
26
26
21
33
35
36
31
31
29
36
43
35
22
24
36
46
51
49
49
46
56
61
72
70
60
62
61
55
65
62
59
64
68
74
66
71
70
70
65
61
59
63
61
61
64
69
72
67
75
74
70
70
63
63
66
70
75
71
73
76
76
77
74
77
73
70
69
64
64
78
76
81
78
63
55
52
54
54
48
42
45
52
53
53
56
54
45
43
49
50
49
41
34
35
49
52
50
56
51
52
46
48
46
46
59
71
68
61
65
62
65
66
62
48
57
70
64
55
56
57
57
59
60
52
55
58
61
60
52
52
54
61
61
49
53
52
57
57
52
57
57
55
41
36
50
49
42
38
40
46
49
48
49
44
45
50
43
49
39
33
50
56
58
51
55
59
66
61
56
61
63
70
75
79
74
75
71
78
82
83
70
56
60
61
69
69
60
60
58
53
55
53
57
56
57
42
40
35
35
44
52
45
40
45
46
57
60
64
67
74
71
70
69
75
80
81
77
79
87
89
92
84
97
97
91
87
82
92
77
61
54
58
65
63
49
38
35
34
35
37
34
30
35
29
28
32
26
22
19
11
18
22
23
28
38
40
38
39
42
44
44
53
70
70
70
68
67
78
83
76
81
74
80
82
60
53
50
47
45
39
29
24
21
16
1
-1
4
-1
0
1
1
-1
-7
-15
-21
-19
-12
0
-11
-11
0
9
14
15
8
18
21
27
31
28
41
34
23
20
25
34
44
46
39
29
31
34
40
48
49
51
56
51
35
43
42
50
45
37
35
34
42
47
46
48
34
27
24
29
31
27
22
15
3
4
12
5
6
4
5
6
-3
3
17
17
16
9
11
16
6
16
15
18
21
19
26
27
27
20
26
19
18
23
17
13
-1
11
15
18
16
9
0
1
-3
-8
-5
-3
-5
-14
-8
-8
-5
-13
-18
-12
-7
1
-3
-1
-4
6
3
3
11
8
11
9
11
13
14
9
5
15
17
13
12
11
14
13
4
0
4
5
4
-6
-12
-14
-2
-4
-16
-20
-20
-19
-18
-19
-30
-37
-31
-25
-24
-28
-33
-38
-28
-20
-15
-11
-10
-10
-10
-13
-10
-9
-4
-2
-6
6
1
11
12
19
17
20
13
1
7
3
9
4
11
9
8
1
-4
10
13
10
-7
-5
-4
13
19
5
2
-1
9
6
-3
-9
-18
-22
-31
-30
-39
-33
-31
-27
-37
-44
-39
-46
-52
-59
-46
-40
-28
-39
-38
-43
-49
-38
-43
-30
-26
-15
-17
-12
-14
-12
-4
2
8
5
9
0
6
10
10
17
20
19
15
18
14
-1
-1
-7
-11
-12
-15
-4
-7
-7
-13
-23
-27
-32
-40
-39
-39
-41
-34
-35
-24
-19
-16
-10
-15
-18
-15
-7
-3
0
-1
-9
-9
-7
0
-7
-5
0
-3
-12
-13
-5
-8
-3
-15
-25
-15
-12
-25
-38
-43
-43
-31
-33
-43
-56
-65
-59
-60
-63
-67
-71
-63
-57
-58
-55
-44
-44
-36
-28
-28
-23
-12
-15
-20
-14
-13
-2
6
10
19
29
39
