SAMPLES:	18982
BITSPERSAMPLE:	16
CHANNELS:	1
SAMPLERATE:	16000
NORMALIZED:	FALSE
-63
-48
-62
-73
-69
-50
-46
-59
-68
-59
-69
-62
-57
-54
-51
-67
-70
-66
-66
-72
-66
-67
-67
-60
-65
-53
-50
-62
-58
-56
-62
-74
-69
-68
-72
-86
-76
-61
-50
-51
-53
-50
-45
-49
-49
-46
-34
-36
-33
-33
-40
-43
-43
-40
-43
-38
-51
-59
-58
-46
-52
-68
-75
-81
-71
-77
-90
-97
-83
-79
-84
-70
-60
-53
-53
-64
-58
-56
-48
-46
-60
-41
-29
-28
-26
-35
-32
-37
-22
-19
-12
-9
-11
-25
-29
-16
-4
7
-7
-28
-27
-18
-26
-33
-30
-22
-27
-38
-46
-52
-54
-57
-64
-64
-63
-62
-72
-70
-57
-55
-67
-67
-50
-49
-47
-47
-39
-39
-43
-41
-40
-45
-55
-63
-52
-51
-55
-58
-65
-63
-63
-45
-41
-46
-42
-43
-41
-34
-35
-29
-16
-13
-16
-19
-28
-35
-35
-45
-52
-52
-47
-46
-45
-46
-54
-61
-58
-45
-34
-20
-36
-31
-17
-10
-7
-13
-9
-15
-5
-9
-24
-27
-29
-26
-38
-41
-41
-33
-39
-59
-69
-73
-49
-42
-51
-45
-50
-50
-45
-30
-21
-14
-10
-11
-15
0
-3
-7
-18
-23
-19
-29
-28
-31
-26
-30
-34
-26
-17
-12
-17
-24
-30
-19
-12
1
7
3
8
15
20
11
15
19
20
14
2
-9
-25
-24
-30
-36
-38
-43
-55
-52
-53
-49
-45
-42
-36
-18
-10
-2
3
1
10
13
7
-10
0
10
14
9
4
3
-1
-10
-18
-16
-16
-3
-3
-18
-19
-19
8
7
-10
-8
-2
12
12
14
14
13
6
5
9
-2
-27
-36
-35
-16
-21
-40
-35
-21
-13
-14
-18
-13
-1
14
4
11
6
24
35
31
32
24
18
15
20
14
6
0
15
6
-7
-15
-17
-21
-27
-19
-12
-8
-17
-13
2
21
35
41
28
34
37
29
15
12
13
4
-5
3
-1
-12
-17
-24
-20
-13
-20
-25
-16
-12
-2
5
13
17
11
16
26
35
33
30
28
29
31
19
22
34
32
30
33
17
3
-10
3
13
8
2
6
10
-3
-11
-7
12
19
23
20
20
13
12
18
38
45
17
-2
-1
5
-8
-7
-3
2
11
12
18
32
29
27
32
39
48
34
40
52
47
43
39
46
51
50
39
29
33
49
44
27
27
35
39
36
31
26
18
11
14
6
15
24
15
29
28
22
5
11
25
23
11
15
15
3
1
-3
0
-2
-10
0
5
11
7
22
45
36
41
40
34
30
27
30
21
9
-1
-5
-6
-6
-6
-11
-2
-1
6
11
5
13
33
39
24
22
27
39
51
59
50
41
36
37
41
38
19
-3
-3
10
30
21
2
-5
7
15
11
14
15
7
11
26
42
41
27
22
38
50
28
24
24
33
29
26
20
10
21
23
22
18
17
24
41
44
40
39
44
47
56
62
58
52
45
55
72
68
54
56
56
44
25
17
21
24
22
5
8
10
11
13
8
17
34
32
37
47
49
46
54
65
60
50
47
37
33
32
25
25
15
18
21
21
26
28
27
24
39
44
37
29
20
24
33
36
15
6
10
19
19
15
-11
-19
-4
9
0
-3
12
13
14
18
30
32
21
18
26
42
46
46
42
35
36
31
19
23
21
21
15
20
31
25
19
13
25
25
29
42
50
62
68
78
70
60
55
52
43
35
39
46
48
48
50
36
15
12
16
20
3
0
0
0
6
9
3
-10
-12
-8
-1
-5
-8
-1
13
15
18
27
21
11
1
-2
1
9
-8
-8
3
16
20
17
38
39
36
37
39
41
52
53
39
43
44
44
30
7
-3
-8
-16
-27
-26
-19
-25
-33
-31
-19
-9
-10
-11
-17
5
16
22
32
33
34
32
26
32
33
15
13
10
7
12
9
13
8
-1
3
15
23
19
14
15
31
37
28
25
35
37
34
39
37
33
23
16
14
7
0
3
2
6
10
8
5
9
16
26
38
32
32
42
49
57
52
57
70
80
73
68
64
60
62
50
35
21
20
4
-11
-19
-23
-24
-26
-35
-41
-31
-21
-11
-8
1
11
19
25
32
39
22
21
34
37
32
2
-7
-6
-13
-13
-20
-13
-20
-17
-9
9
20
7
25
43
59
54
37
40
50
46
38
37
37
38
19
7
-2
-4
-6
-11
-24
-28
-23
-17
-22
-14
7
5
19
29
43
51
53
45
41
48
44
37
30
12
5
4
-10
-28
-33
-28
-31
-25
-40
-45
-28
-31
-31
-26
-30
-29
-7
2
12
12
11
17
30
36
35
30
36
28
16
16
15
10
-1
-12
-12
-18
-18
-13
-24
-20
-11
0
6
16
14
21
34
43
47
43
42
38
34
33
30
22
14
7
-8
-17
-22
-30
-38
-31
-9
-15
-25
-28
-21
-6
-11
-21
-21
-8
-4
6
10
18
17
11
6
-2
3
-4
-17
-28
-20
-9
-13
-20
-20
-8
-6
-12
-6
4
17
19
21
38
41
35
36
30
38
20
22
30
16
-4
-11
-10
-10
-15
-34
-33
-32
-33
-34
-27
-27
-23
-32
-43
-23
-4
0
-6
8
25
27
20
18
16
14
11
4
-7
-1
-7
-14
-18
-23
-30
-34
-37
-38
-48
-41
-31
-34
-33
-25
-4
-2
-6
-7
-3
5
13
12
15
21
14
9
11
11
2
-4
-17
-23
-2
-4
-15
-16
-14
-13
-8
-3
-2
6
3
10
17
15
14
21
18
19
25
11
4
-12
-6
-13
-20
-20
-27
-23
-21
-31
-42
-35
-22
-16
-19
-23
-18
-18
-9
-10
-14
-11
-8
5
4
-5
-6
-10
-8
-6
-4
9
2
-8
-2
2
-1
-13
-14
-8
-6
-6
-11
-2
1
-3
2
-4
-3
8
3
-8
-25
-26
-24
-33
-43
-49
-43
-34
-32
-29
-49
-50
-50
-40
-19
-15
-17
-17
-17
-12
-7
6
18
20
23
23
26
14
8
10
19
23
4
-9
-9
-14
-23
-23
-33
-42
-49
-55
-46
-45
-44
-39
-41
-40
-38
-32
-30
-28
-24
-20
-22
-28
-27
-23
-21
-23
-35
-41
-41
-43
-30
-39
-38
-40
-40
-40
-45
-40
-47
-48
-42
-34
-31
-23
-22
-16
-4
6
6
15
17
17
23
24
36
38
32
20
2
-1
-4
-14
-30
-44
-41
-40
-36
-47
-55
-47
-46
-40
-40
-43
-27
-20
-23
-32
-25
-18
-14
-13
-8
-2
-6
-12
-20
-20
-17
-16
-20
-17
-7
-15
-29
-19
-15
-29
-39
-38
-22
-12
-11
-10
-9
-1
-5
-13
-15
-12
-19
-25
-25
-33
-39
-52
-59
-50
-47
-48
-46
-41
-37
-40
-31
-22
-2
-5
-11
1
14
22
21
25
34
32
15
14
12
0
-10
-25
-35
-36
-46
-41
-46
-62
-61
-56
-54
-54
-60
-51
-37
-32
-27
-29
-23
-13
-18
-23
-13
-6
-3
-18
-32
-37
-37
-46
-59
-73
-68
-54
-52
-62
-64
-51
-42
-47
-42
-43
-46
-35
-36
-31
-26
-27
-17
-8
-7
-16
-25
-29
-34
-41
-41
-35
-33
-36
-37
-25
-27
-42
-56
-60
-48
-35
-31
-26
-10
4
3
-1
-2
0
-2
-8
-18
-33
-40
-50
-60
-71
-74
-75
-81
-88
-88
-80
-74
-68
-67
-62
-45
-20
-15
-19
-7
6
9
12
20
4
-12
-19
-14
-17
-28
-39
-47
-49
-53
-48
-63
-57
-50
-48
-45
-50
-41
-32
-22
-15
-11
-9
-8
-3
4
2
4
0
-12
-8
-13
-17
-35
-32
-37
-46
-54
-65
-64
-66
-52
-51
-54
-52
-45
-36
-43
-44
-48
-37
-32
-39
-43
-51
-45
-32
-40
-46
-37
-35
-39
-41
-31
-28
-30
-35
-39
-35
-47
-53
-56
-53
-46
-39
-32
-22
-14
-16
-16
-28
-24
-18
-15
-14
-18
-26
-29
-24
-22
-29
-33
-31
-21
-1
-11
-25
-26
-27
-18
-21
-27
-17
-5
-3
-6
-11
-18
-23
-42
-36
-33
-38
-48
-53
-45
-38
-43
-49
-43
-48
-40
-42
-42
-31
-36
-35
-43
-37
-35
-27
-31
-34
-35
-29
-33
-44
-46
-39
-32
-42
-44
-44
-39
-42
-40
-34
-24
-15
-12
0
4
-6
-5
-11
-4
3
3
1
-5
-13
-22
-28
-34
-28
-33
-39
-40
-48
-46
-52
-50
-47
-36
-32
-38
-32
-25
-28
-22
-26
-18
-22
-25
-26
-24
-25
-36
-44
-46
-35
-43
-40
-35
-39
-35
-37
-29
-35
-49
-49
-38
-27
-22
-29
-28
-26
-28
-33
-40
-33
-37
-35
-42
-47
-43
-38
-37
-31
-33
-40
-34
-34
-39
-34
-20
-10
-2
-15
-8
-1
11
4
-2
-4
-8
-14
-26
-33
-41
-39
-44
-45
-57
-59
-65
-69
-61
-52
-56
-57
-47
-42
-30
-25
-26
-16
-2
1
10
-2
-1
-5
-9
-6
-8
-17
-30
-35
-38
-34
-31
-29
-41
-43
-44
-41
-41
-40
-45
-36
-25
-19
-20
-17
-8
0
5
-4
1
-1
-3
1
-2
-8
-19
-18
-16
-22
-16
-18
-16
-14
-15
-21
-22
-19
-16
-16
-12
-7
-5
2
0
-2
-8
4
8
8
6
0
-5
-9
-13
-14
-2
-4
3
8
8
6
3
1
-1
-7
-23
-22
-18
-14
-31
-37
-25
-13
-15
-20
-16
-14
-9
-10
-17
-22
-19
-11
-13
-16
-5
1
-1
-5
-3
-1
6
6
15
20
24
27
14
4
7
11
7
-3
-4
-5
-15
-19
-24
-30
-26
-24
-24
-29
-33
-32
-21
-13
-20
-21
-17
-14
-11
-6
-12
-13
-8
-13
0
5
4
15
18
23
18
15
13
2
-6
-4
-4
-6
-11
-12
-9
-5
0
-3
1
17
22
18
3
-5
-7
-2
3
-9
-13
-16
-13
-3
3
14
18
24
25
34
44
35
43
48
51
39
31
24
22
20
9
11
18
21
20
22
17
12
21
22
21
19
15
23
23
19
10
9
12
8
-9
-27
-25
-20
-13
-14
-1
6
8
9
16
31
40
34
31
47
44
40
33
26
19
17
14
22
18
21
22
15
11
7
13
7
-5
-8
-5
6
14
16
16
17
23
28
34
33
40
41
38
34
34
28
20
26
31
42
37
29
31
27
30
26
27
30
33
43
41
25
19
13
13
26
29
27
33
47
53
51
44
35
28
32
38
31
25
27
32
30
37
35
23
6
-3
-8
-6
-3
0
9
11
15
26
38
44
44
48
55
57
55
47
42
43
42
36
29
21
19
24
14
11
24
27
26
29
31
32
30
34
38
38
39
43
48
51
53
59
53
43
56
57
51
40
26
30
28
17
10
25
25
28
34
30
33
26
28
28
35
46
41
54
50
56
62
59
62
55
62
59
57
55
48
45
49
49
46
53
48
51
49
37
24
20
21
25
25
29
27
37
37
33
42
40
46
41
39
40
32
30
35
43
41
34
37
38
34
40
47
49
43
36
44
53
57
58
52
53
62
58
46
52
59
47
44
38
35
43
47
43
37
40
42
53
59
61
50
38
41
44
37
30
31
39
35
34
33
42
45
36
43
42
37
33
32
43
46
45
42
41
54
48
44
49
44
40
39
37
25
33
33
38
51
56
47
56
61
58
47
48
51
52
54
56
64
63
64
65
69
56
54
57
51
47
38
41
36
35
39
31
38
35
31
30
29
35
44
47
51
54
57
62
61
58
49
39
43
42
41
30
23
27
26
21
20
13
12
15
19
32
40
51
56
56
52
60
66
73
78
75
72
73
79
88
92
84
85
68
62
69
63
51
41
38
32
35
30
36
38
43
34
31
28
29
44
41
48
55
54
40
26
27
24
16
9
11
13
3
6
9
14
7
9
12
9
17
15
26
29
47
64
61
60
57
63
65
58
51
46
43
43
47
45
39
44
35
30
26
32
21
16
18
24
24
26
34
41
49
50
62
60
63
70
68
59
46
47
49
30
31
34
14
6
0
-6
-3
-4
-6
-5
8
13
22
33
34
36
34
33
34
31
33
24
21
19
21
17
15
10
10
12
-1
-5
-1
15
11
17
17
19
19
13
23
31
41
44
47
57
61
54
46
39
41
41
33
35
31
27
24
11
10
1
1
4
4
9
14
17
18
20
13
16
15
20
19
19
20
14
4
-2
-3
2
1
-4
-1
2
0
-3
-7
-16
-9
-13
-19
-23
-16
-10
3
6
4
-1
8
16
20
26
22
23
25
23
12
5
11
3
0
-6
-7
0
3
5
-3
-1
-2
-4
0
1
4
17
13
8
12
19
17
8
1
-1
9
6
-1
-1
1
2
0
-4
-16
-16
-20
-30
-30
-30
-25
-18
-23
-17
-12
-8
-6
-10
-7
2
-7
-12
-5
-5
-6
-18
-27
-23
-40
-46
-36
-39
-28
-35
-29
-26
-25
-25
-16
0
-3
14
3
3
-3
0
-5
-6
1
6
3
-3
-5
-8
-15
-25
-23
-31
-29
-36
-38
-45
-49
-50
-43
-35
-33
-33
-37
-34
-28
-24
-25
-22
-10
-14
-13
-9
-16
-9
-8
-20
-20
-16
-24
-27
-26
-24
-31
-34
-44
-40
-32
-39
-32
-30
-35
-35
-37
-41
-47
-44
-38
-32
-28
-27
-38
-50
-42
-30
-31
-26
-24
-25
-20
-24
-32
-39
-37
-29
-26
-13
-3
-14
-12
-14
-11
-16
-11
-9
-21
-15
-18
-18
-28
-35
-31
-32
-25
-29
-39
-38
-34
-34
-41
-39
-42
-36
-33
-29
-23
-26
-26
-23
-27
-37
-30
-29
-31
-34
-41
-49
-44
-43
-54
-56
-63
-67
-67
-83
-78
-87
-88
-76
-55
-48
-42
-29
-28
-16
-17
-18
-18
-25
-30
-31
-29
-34
-33
-34
-33
-33
-37
-47
-45
-49
-52
-44
-48
-52
-55
-45
-42
-32
-24
-20
-15
-7
-1
-3
0
-11
-13
-17
-24
-24
-40
-46
-35
-37
-52
-60
-67
-59
-56
-55
-57
-65
-52
-45
-46
-41
-37
-36
-31
-26
-28
-23
-29
-36
-31
-21
-20
-32
-30
-33
-29
-27
-28
-28
-41
-45
-46
-35
-45
-58
-69
-60
-46
-37
-30
-42
-37
-27
-24
-32
-28
-24
-22
-18
-25
-32
-25
-20
-25
-32
-42
-54
-61
-54
-56
-69
-74
-65
-56
-41
-26
-20
-14
-15
-14
-18
-22
-23
-26
-31
-35
-24
-31
-34
-39
-41
-47
-63
-73
-83
-82
-91
-81
-73
-64
-52
-39
-17
1
1
4
18
21
13
8
9
-2
-13
-16
-27
-37
-38
-48
-56
-62
-64
-65
-61
-54
-46
-25
-9
-3
3
7
8
0
-2
-5
-2
1
-4
-4
-1
-2
-13
-21
-15
-12
-16
-20
-22
-27
-30
-30
-32
-31
-25
-19
-28
-29
-26
-23
-20
-16
-9
-1
0
3
0
-2
-5
-12
-13
-17
-17
-21
-30
-32
-36
-40
-40
-41
-44
-44
-36
-31
-33
-24
-7
1
15
19
20
20
28
33
31
28
23
17
12
14
-1
-11
-23
-32
-36
-46
-55
-52
-51
-55
-58
-50
-34
-27
-23
-6
22
37
45
52
49
54
47
32
31
18
-1
-21
-31
-47
-53
-70
-73
-76
-85
-84
-69
-47
-37
-24
-16
-1
13
30
31
40
49
48
47
42
49
46
37
28
23
22
10
-10
-23
-33
-39
-41
-32
-29
-15
-9
-7
6
3
7
11
19
24
29
29
27
34
41
40
32
22
7
6
-3
-18
-24
-41
-43
-48
-53
-45
-46
-46
-39
-32
-24
-12
4
22
43
68
83
84
90
94
101
92
86
72
57
43
26
15
-10
-22
-28
-43
-54
-66
-75
-76
-71
-64
-51
-27
2
22
44
69
82
106
118
119
113
95
82
75
52
25
1
-17
-32
-56
-68
-83
-82
-88
-83
-70
-52
-27
-18
14
46
70
84
106
130
141
144
144
128
117
98
71
54
29
9
-11
-33
-62
-86
-96
-104
-101
-91
-75
-56
-40
-14
4
22
47
60
73
100
110
116
127
127
127
112
101
77
53
21
-9
-32
-53
-79
-99
-104
-107
-102
-98
-99
-87
-60
-41
-17
11
46
89
119
145
159
163
173
177
176
156
141
117
78
35
-4
-31
-70
-95
-122
-137
-147
-154
-156
-140
-110
-75
-31
14
62
95
135
168
193
210
219
210
197
170
142
116
70
29
-7
-50
-88
-105
-117
-129
-129
-118
-103
-80
-42
-24
1
33
62
86
114
138
148
151
162
152
138
115
84
55
31
15
-17
-39
-53
-59
-79
-88
-85
-84
-71
-63
-38
-13
11
25
43
71
90
104
116
137
135
140
144
128
109
79
58
39
11
-21
-44
-54
-71
-80
-83
-85
-75
-66
-45
-39
-22
9
33
62
89
106
123
143
156
153
144
133
111
84
61
24
-5
-26
-48
-73
-91
-106
-118
-118
-107
-77
-49
-21
15
54
103
144
182
195
206
215
205
196
167
128
106
65
31
-7
-47
-84
-116
-140
-151
-148
-152
-121
-94
-59
-15
25
68
108
137
156
180
191
188
181
173
161
136
101
70
34
5
-33
-68
-94
-111
-132
-144
-150
-140
-122
-94
-60
-29
5
26
59
77
115
143
156
163
161
162
154
138
114
78
41
13
-14
-45
-75
-100
-109
-113
-121
-109
-100
-89
-72
-53
-15
23
57
94
129
168
200
215
227
230
221
191
148
95
55
16
-32
-76
-115
-151
-185
-205
-217
-220
-201
-166
-130
-81
-37
12
72
132
180
227
258
276
279
270
248
209
168
116
56
-8
-57
-105
-155
-197
-225
-239
-251
-248
-226
-200
-158
-96
-37
17
72
125
177
207
238
262
273
260
239
208
175
131
92
49
-13
-62
-109
-150
-188
-205
-213
-207
-199
-180
-155
-108
-70
-17
38
89
134
164
203
221
234
230
220
193
163
124
93
48
-13
-60
-103
-144
-187
-212
-227
-233
-226
-224
-195
-161
-118
-74
-22
45
102
156
203
239
255
276
280
261
239
201
155
114
58
7
-54
-107
-156
-192
-211
-227
-220
-201
-172
-135
-86
-30
37
97
146
187
217
242
257
248
233
195
160
105
48
-6
-57
-110
-150
-185
-223
-239
-260
-252
-241
-213
-178
-131
-80
-18
48
101
157
193
226
235
249
252
233
200
163
139
103
59
5
-57
-103
-141
-173
-196
-209
-212
-203
-184
-151
-105
-74
-37
22
71
105
152
198
224
235
227
204
184
152
114
76
29
-20
-80
-139
-184
-212
-245
-274
-275
-268
-253
-219
-176
-126
-69
-2
58
115
168
208
246
274
280
265
237
216
176
115
56
-17
-83
-142
-174
-215
-260
-284
-281
-268
-238
-190
-148
-92
-27
59
134
196
245
272
299
314
309
285
251
209
151
89
29
-49
-125
-189
-243
-285
-305
-315
-305
-282
-263
-226
-173
-111
-49
10
68
137
191
232
263
285
289
284
258
212
178
128
68
-9
-72
-121
-164
-204
-241
-251
-259
-248
-233
-204
-167
-117
-63
-6
59
120
172
198
224
240
248
245
233
196
151
110
57
2
-66
-137
-182
-222
-253
-280
-304
-311
-282
-243
-198
-143
-91
-31
37
109
173
226
267
288
296
288
271
238
186
135
74
11
-46
-109
-172
-217
-250
-267
-277
-274
-258
-235
-180
-127
-77
-8
50
104
145
179
210
227
228
224
201
154
115
75
27
-28
-77
-120
-161
-182
-201
-203
-203
-209
-186
-157
-111
-74
-36
8
56
107
152
174
184
179
171
155
124
100
78
39
-4
-41
-73
-106
-139
-153
-175
-189
-191
-173
-151
-137
-107
-60
-18
18
56
90
129
141
132
141
154
147
126
103
68
27
-24
-72
-115
-149
-187
-211
-221
-222
-221
-213
-189
-154
-109
-62
-12
46
100
152
198
234
244
244
242
219
187
143
84
19
-44
-104
-159
-200
-240
-264
-268
-265
-252
-228
-185
-124
-64
-6
60
117
169
215
242
255
257
259
232
192
134
83
30
-46
-112
-153
-192
-249
-275
-279
-283
-272
-258
-234
-193
-136
-79
-15
44
88
139
188
221
238
244
241
227
206
169
134
89
34
-16
-72
-117
-157
-193
-225
-246
-244
-233
-220
-195
-156
-117
-61
-18
34
86
129
173
211
245
259
275
255
217
178
132
80
21
-41
-106
-160
-206
-250
-280
-283
-286
-274
-247
-198
-146
-88
-23
43
116
164
219
263
290
300
295
284
255
214
146
76
8
-65
-123
-168
-221
-257
-277
-287
-277
-261
-230
-190
-134
-82
-22
31
88
148
202
232
236
236
228
215
182
140
104
73
14
-44
-90
-115
-143
-168
-184
-189
-196
-188
-162
-119
-73
-34
1
37
75
102
129
149
171
171
156
150
150
139
116
78
43
17
-25
-64
-88
-107
-132
-144
-142
-130
-114
-110
-98
-79
-33
7
31
51
85
112
132
145
152
168
165
144
123
95
56
27
-5
-36
-73
-85
-106
-126
-131
-124
-112
-100
-67
-45
-11
28
74
112
144
175
194
203
199
183
167
149
113
74
34
4
-24
-59
-82
-106
-119
-124
-125
-122
-117
-92
-58
-24
5
29
53
82
97
104
113
124
119
103
91
83
58
37
16
-8
-30
-37
-46
-48
-58
-59
-47
-53
-46
-28
-9
0
15
38
57
64
80
83
78
81
80
81
85
77
63
57
58
54
31
15
10
2
-23
-31
-32
-51
-55
-48
-35
-25
-21
-5
12
27
39
59
70
81
98
107
107
95
81
65
35
10
-3
-34
-46
-59
-79
-86
-90
-92
-93
-81
-74
-68
-51
-17
23
58
88
119
135
157
176
176
171
153
140
116
79
29
5
-21
-47
-75
-90
-104
-114
-116
-122
-116
-105
-84
-58
-35
-14
10
38
72
96
112
116
117
119
128
121
100
86
92
88
77
67
41
16
-1
-14
-23
-26
-36
-45
-52
-50
-47
-41
-30
-25
-7
-4
6
27
49
58
68
75
68
73
68
72
72
70
54
25
4
-4
-15
-32
-38
-49
-56
-53
-46
-31
-32
-41
-31
3
44
61
74
74
78
93
105
111
99
80
50
29
17
-8
-34
-46
-45
-35
-23
-28
-38
-44
-5
49
88
118
120
122
129
147
163
163
142
110
75
67
17
-37
-96
-143
-150
-164
-175
-220
-279
-313
-290
-221
-172
-164
-176
-184
-137
-51
33
69
68
75
98
140
185
207
185
142
141
184
226
218
138
32
-35
-10
54
62
-26
-126
-168
-132
-60
-23
-61
-151
-190
-132
-1
123
123
48
-4
41
181
295
329
231
142
105
147
225
178
61
-85
-131
-77
-65
-116
-267
-378
-367
-250
-94
-69
-178
-359
-398
-212
70
297
261
86
-50
19
274
485
573
492
365
344
404
542
600
553
525
566
664
664
494
253
128
221
402
448
263
-136
-515
-628
-476
-271
-284
-579
-972
-1218
-1184
-1001
-878
-879
-991
-1098
-1094
-965
-808
-714
-630
-494
-268
-46
54
76
125
275
515
769
923
868
692
618
718
870
918
812
596
379
274
223
170
79
-83
-248
-306
-258
-267
-337
-282
-164
28
187
249
283
358
677
1002
1247
1233
830
579
753
1190
1358
1036
506
-167
-479
-251
96
162
-342
-1074
-1621
-1558
-1016
-711
-722
-965
-1225
-1255
-910
-307
-34
-48
-49
113
495
827
931
761
651
851
1068
1306
1340
928
319
46
280
525
543
241
-447
-1009
-1139
-937
-781
-830
-1144
-1701
-1937
-1820
-1740
-1698
-1648
-1600
-1641
-1612
-1449
-1343
-1155
-870
-545
-216
-9
48
38
313
775
1090
1217
1175
1004
865
1008
1303
1356
1192
882
566
478
575
563
373
236
143
41
122
140
-57
-212
35
519
889
952
528
59
273
1177
2121
2547
2043
638
-312
195
1516
2329
1942
524
-1192
-1878
-1081
126
649
-9
-1485
-2666
-2500
-1307
-491
-417
-777
-1281
-1362
-726
113
276
37
32
369
1001
1542
1339
560
192
552
1093
1593
1632
678
-565
-897
-353
208
391
4
-947
-1592
-1467
-1095
-940
-934
-1092
-1426
-1356
-1096
-1379
-1798
-1888
-1467
-1057
-850
-1087
-1880
-2294
-1922
-1114
-379
-182
-624
-1355
-1313
-432
464
895
856
501
214
588
1251
1613
1649
1435
1252
1325
1675
1697
1298
1126
1179
1376
1575
1376
672
34
230
1004
1688
1652
625
-520
-639
528
1998
2610
1651
-477
-1779
-1057
884
2143
1652
-282
-2343
-2844
-1466
308
976
50
-1683
-2730
-2092
-527
439
359
-220
-739
-621
214
965
834
384
298
716
1435
1829
1301
201
-260
210
932
1457
1150
-149
-1390
-1496
-744
-82
53
-563
-1548
-1970
-1525
-1015
-967
-1067
-1312
-1468
-1331
-1219
-1474
-2060
-2086
-1784
-1450
-1242
-1624
-2348
-2690
-2147
-1322
-878
-755
-1099
-1415
-1130
-263
450
720
728
558
720
1362
1988
2160
1945
1819
1850
2157
2605
2661
2251
1759
1621
1752
1900
1812
1442
1142
1194
1382
1227
785
357
298
933
1799
1962
660
-1101
-1691
-588
1082
1717
579
-1627
-3302
-3150
-1358
560
834
-794
-2858
-3435
-2077
-118
950
642
-392
-1096
-749
477
1493
1488
902
574
986
1716
1922
1287
361
135
699
1338
1503
724
-664
-1639
-1311
-193
450
50
-1177
-2305
-2481
-1700
-786
-590
-1146
-2275
-3008
-2672
-1887
-1523
-1966
-2561
-2902
-2876
-2424
-2031
-1952
-2180
-2262
-1868
-1184
-619
-557
-692
-572
-9
685
1254
1588
1511
1335
1484
2029
2576
2732
2640
2461
2491
2637
2725
2731
2602
2284
1963
2193
2761
2907
2312
1275
620
749
1648
2606
2703
1428
-929
-2471
-1628
616
1761
695
-1604
-3644
-4247
-2857
-599
606
-260
-2260
-3516
-2818
-875
498
622
284
-52
-228
152
1081
1467
1040
787
1230
1767
1711
960
17
-300
231
811
856
391
-593
-1714
-1857
-828
10
-184
-909
-1471
-1810
-1610
-886
-434
-657
-1355
-1928
-2067
-1730
-1406
-1840
-2354
-2522
-2574
-2682
-2540
-2271
-2600
-2876
-2475
-1865
-1484
-1452
-1417
-1345
-883
-107
484
978
1248
1313
1393
1925
2784
3155
3223
3450
3748
3685
3514
3727
3839
3569
3293
3459
3728
3662
2983
1781
959
1073
1751
2488
2682
1226
-2077
-4112
-2602
374
1358
-276
-2956
-5343
-5757
-3512
-522
684
-705
-3164
-4317
-2746
155
1604
1380
945
672
481
1298
2871
3125
2010
1547
2190
2784
2613
1661
184
-525
105
665
313
-437
-1732
-3423
-3623
-1876
-766
-1559
-2725
-3184
-3179
-2457
-1177
-579
-865
-1247
-1593
-1577
-759
-208
-841
-1286
-805
-845
-1838
-2271
-1974
-2084
-2330
-2081
-1966
-2444
-2940
-2993
-2674
-1976
-1311
-1146
-936
-329
15
81
920
2378
3217
3518
4168
4892
4883
4799
5387
6209
6616
6447
5960
5453
5168
4799
4064
3362
2747
1920
1307
1479
1222
-1371
-4549
-4906
-2715
-1317
-2175
-4146
-6366
-7600
-6362
-3248
-790
-837
-2804
-4492
-3593
-340
2284
2838
2640
2468
1920
2062
3786
5001
4149
2905
2796
2886
2514
1938
794
-533
-858
-517
-808
-1452
-2191
-3765
-4860
-3712
-1929
-2000
-3003
-3254
-3202
-2690
-1201
85
32
-413
-186
230
945
1514
771
-283
-6
835
187
-1076
-1573
-2127
-2841
-2746
-2246
-2781
-3970
-4542
-4474
-3857
-3177
-3141
-3488
-3090
-2110
-1485
-740
205
661
1036
2303
4041
5024
5408
5368
5364
6363
7900
8465
7808
7050
6493
6268
6586
6449
4993
2925
1709
1797
2565
2061
-1687
-5749
-5951
-3320
-2079
-3372
-5682
-8443
-9805
-7666
-3707
-1520
-2360
-4472
-5607
-3774
370
3180
3466
3168
3058
2671
3532
6098
7067
5404
3933
3972
4080
3774
3097
1183
-766
-1035
-745
-1464
-2487
-3616
-5616
-6466
-4692
-3018
-3724
-4991
-4929
-4444
-3308
-1221
-133
-603
-860
-118
359
907
1967
1710
776
779
813
-265
-838
-295
-904
-2099
-2270
-2520
-3488
-3921
-3493
-3702
-4062
-3627
-3223
-3029
-2615
-1939
-1333
-347
1072
1794
2176
3385
4931
5501
5680
6585
7285
7297
7805
8555
8296
7646
7333
6545
5362
4671
4205
3887
4200
2895
-1858
-5661
-4573
-1650
-1475
-3688
-6536
-9516
-10407
-7745
-4045
-2647
-4005
-6174
-6799
-4192
-225
1617
1646
2186
2818
2578
3464
5866
6591
5254
4830
5601
5547
4685
3636
1957
742
1085
1097
-456
-2014
-3262
-5015
-5545
-3875
-2994
-4576
-6063
-5913
-5222
-4202
-2805
-2240
-2676
-2947
-2950
-2658
-1038
733
252
-1336
-1400
-571
-669
-680
26
-143
-1152
-1452
-1216
-1524
-1925
-1885
-1769
-1295
-758
-1200
-1882
-1279
42
775
1380
2385
3065
3263
3639
4465
5533
6502
6882
6847
7039
7572
7773
7210
6330
5528
4943
4934
5775
5806
2387
-2756
-4524
-1876
560
-662
-4169
-7721
-9794
-9152
-6124
-3324
-3460
-6008
-8027
-7067
-3407
-195
552
205
726
1577
2211
3819
5635
5505
4394
4752
5969
6008
4899
3308
1747
1456
2155
1700
-182
-1939
-3501
-4943
-4661
-3013
-3051
-5279
-6753
-6239
-5186
-4174
-3056
-2884
-3938
-4582
-3774
-2149
-515
-187
-1718
-2828
-1626
-210
-445
-634
-336
-1108
-1814
-914
-33
-673
-1518
-1589
-1174
-163
671
367
-176
229
1109
1967
3447
4926
4812
3706
3770
5441
6855
7216
7032
6456
6019
6336
6564
5696
4453
3635
3229
4072
4881
1852
-3593
-5238
-2191
138
-846
-3484
-6806
-9280
-8487
-4915
-1967
-2085
-4688
-7065
-6235
-2308
961
1369
837
1147
1479
1896
3756
5579
5062
3826
4332
5336
5111
4150
2821
1379
1217
1953
1328
-574
-2142
-3598
-4853
-4254
-2632
-3149
-5591
-6929
-6419
-5333
-4052
-3084
-3759
-5308
-5487
-4199
-2669
-1341
-1221
-2787
-3593
-2274
-1111
-1101
-687
-291
-1133
-1583
-750
-369
-729
-525
88
419
800
973
628
880
2088
3344
4208
4942
5109
4438
4413
5833
7411
7737
7054
6327
5752
5880
6496
6191
4705
3099
2414
2647
3318
2234
-1881
-5237
-4393
-1754
-1404
-3502
-6238
-8628
-8852
-6217
-2905
-1767
-3495
-6001
-6260
-3044
1016
2580
1965
1356
1416
1887
3511
5839
6384
4770
3543
4059
4772
4432
3383
1980
877
635
543
-400
-1902
-3380
-4785
-5068
-3812
-3243
-4824
-6578
-6581
-5675
-4565
-3352
-3304
-4770
-5634
-4466
-2746
-1768
-1619
-2494
-3447
-2922
-1464
-813
-868
-806
-1283
-1878
-1264
-269
-307
-735
-471
-113
4
411
974
1502
2100
2791
3615
4648
5501
5736
5945
6625
7234
7651
8164
8502
8108
7193
6341
5712
5171
4695
4724
5011
3124
-1573
-4871
-3594
-880
-1167
-4069
-7183
-9496
-10002
-7832
-4697
-3717
-5432
-7487
-7449
-4587
-828
868
571
853
1976
2482
3356
5470
6507
5597
5240
6199
6395
5445
4417
3382
2679
2778
2365
467
-1450
-2586
-3799
-4542
-3939
-3839
-5843
-7736
-7457
-6466
-6057
-5506
-5259
-6238
-6888
-5656
-4022
-3267
-2873
-3113
-3735
-3052
-1430
-953
-971
-160
-30
-780
-394
676
685
313
718
1028
952
1086
1206
1290
1995
3048
3646
4003
4560
4666
4615
5609
7124
7572
7150
7097
7104
6858
6734
6385
5486
4676
4370
4280
3758
1553
-2219
-4066
-2282
-505
-2078
-5353
-7814
-9000
-8260
-5745
-3857
-4327
-6178
-7276
-6105
-2758
160
661
216
833
1942
2794
4173
5549
5480
4877
5448
6365
5930
4726
3753
2944
2644
2808
2016
-71
-1900
-3009
-3790
-3687
-3321
-4559
-6807
-7656
-6865
-5985
-5662
-6119
-7377
-7945
-6518
-4587
-4174
-4842
-5149
-4844
-3840
-2149
-1112
-1429
-1764
-1260
-504
271
1161
1222
566
730
1770
2335
2289
2467
2757
3026
3811
4824
5339
5290
5294
5668
6422
7430
7769
7216
6665
6804
6988
6489
5736
4822
3894
4026
4615
2523
-2009
-3880
-1717
-45
-1568
-4507
-7200
-8746
-7936
-5286
-3341
-3821
-6136
-7948
-6832
-2911
351
655
-243
-92
675
1605
3510
5497
5553
4457
4392
5122
5256
4729
3828
2790
2461
2747
2019
3
-1749
-2745
-3437
-3401
-2931
-3878
-6332
-7846
-7232
-5982
-5598
-6302
-7566
-8175
-7164
-5568
-5056
-5378
-5386
-5252
-4800
-3206
-1464
-1324
-1937
-1653
-818
55
1156
1789
1708
1967
2697
2897
3018
3897
4749
5034
5628
6568
6654
5995
6110
7097
7958
8252
7932
7117
6482
6577
6268
5397
4656
3888
3266
3697
3016
-1282
-5246
-3968
-590
-764
-3950
-6968
-9121
-9374
-6793
-3601
-2862
-4862
-7451
-7852
-4616
-238
1256
258
-9
824
1378
2667
5241
6463
5252
4268
4996
5705
5359
4526
3552
2837
2688
2147
414
-1416
-2396
-3165
-3739
-3598
-3834
-5936
-8252
-8030
-6164
-5570
-6539
-7582
-8165
-7909
-6389
-4972
-4859
-4957
-4688
-4519
-3521
-1458
-607
-1313
-1072
194
677
895
1513
1624
1615
2565
3444
3313
3241
3585
3870
4824
6489
7049
6044
5450
6165
7263
8075
8356
7720
6728
6258
6102
5822
5477
4654
3620
3545
3036
-376
-4035
-3480
-851
-1217
-4291
-6947
-8500
-8712
-6951
-4659
-4069
-5420
-7207
-7343
-4665
-1052
308
-284
-14
1381
2183
2915
4830
6376
6062
5512
6056
6492
5964
5288
4726
4070
3545
2685
901
-892
-1762
-2492
-3679
-4454
-5014
-6660
-8476
-8397
-7370
-7762
-9084
-9691
-9605
-8974
-7618
-6729
-7063
-7152
-6167
-4949
-3407
-1557
-978
-1635
-1209
558
1804
2370
2976
3188
3179
3814
4711
5060
5265
5658
6092
6840
7553
7437
6884
7013
7701
8094
8139
7827
7088
6399
5795
5087
4451
3977
3367
2963
2379
-502
-4384
-4811
-1957
-980
-3582
-6703
-8707
-9216
-7438
-4403
-3011
-4434
-6811
-7635
-5398
-1237
1265
686
-319
398
1549
2612
4667
6468
6052
4924
5393
6366
6173
5436
5037
4739
4309
3557
1878
-112
-1116
-1374
-2018
-2991
-3860
-5639
-8054
-8671
-7320
-6931
-8413
-9653
-10218
-10596
-9736
-8094
-7630
-7939
-7378
-6661
-5958
-4055
-2317
-2184
-1764
66
1230
1395
2265
3365
3950
4835
6005
6250
6053
6470
7159
7900
8722
9050
8589
8246
8316
8207
8214
8462
8187
7157
6047
4895
3459
2699
2893
3188
2287
-1100
-5499
-6694
-3828
-1824
-3711
-6910
-9155
-10061
-8728
-5358
-3107
-3944
-6032
-6758
-4927
-1371
1268
1336
791
1809
3116
3653
4811
6404
6398
5547
6134
7141
6509
5098
4400
4106
3864
3531
2191
-41
-1534
-2050
-2844
-3680
-4036
-5305
-7620
-8500
-7701
-7892
-9134
-9555
-9696
-10323
-9944
-8582
-8248
-8442
-7625
-6640
-5851
-4266
-3019
-3168
-2519
-322
963
1079
1957
3057
3462
4533
6222
6693
6411
7192
8560
9206
9507
9797
9797
9963
10474
10386
9559
9209
9008
7932
6648
5862
4729
3293
2999
2671
-239
-4375
-5948
-4488
-3449
-4993
-8212
-10876
-11338
-9667
-7219
-5781
-6263
-7971
-8656
-6386
-2299
431
487
59
1099
2821
4283
5779
7155
7358
6925
7228
7988
7964
6922
5872
5455
5445
4885
3012
521
-1162
-1625
-1957
-2793
-4035
-6021
-8255
-9013
-8001
-7587
-8933
-10418
-11145
-11208
-10246
-8747
-8295
-8753
-8568
-7682
-6307
-4366
-2951
-2826
-2588
-1225
123
1056
2254
3288
3656
4175
5286
6016
6190
6810
8156
9316
9606
9370
9153
9395
10024
10553
10500
9997
9168
7715
6387
5926
5529
4460
3784
3397
663
-3996
-6248
-4428
-2345
-3514
-7052
-10352
-11660
-10547
-7797
-5331
-5139
-7180
-9063
-7915
-3848
-178
800
469
1081
2205
3085
4691
6998
7943
7225
6996
7695
7839
7060
6290
5913
5599
4926
3309
1110
-522
-1347
-2117
-3014
-3791
-5314
-7703
-8900
-8260
-8104
-9513
-10528
-10696
-11059
-10985
-10010
-9349
-9249
-8652
-7907
-7137
-5503
-3934
-3587
-3061
-1286
183
770
1686
2784
3515
4540
5962
6710
6819
7440
8650
9781
10453
10707
10684
10725
11115
11344
10935
10217
9787
8991
7504
5970
4681
3871
3980
3572
-119
-5262
-6658
-4130
-2646
-4784
-8402
-11175
-11951
-10175
-7049
-5236
-6294
-8582
-9248
-6744
-2330
564
496
-235
694
2380
3845
5811
7394
7100
6149
6723
7958
7989
7066
6068
5448
5165
4709
3299
1246
-278
-1184
-1992
-2871
-3905
-5605
-7681
-8527
-8254
-8566
-9768
-10631
-11191
-11878
-11459
-9953
-9105
-9323
-9324
-8671
-7449
-5451
-3750
-3117
-2537
-1329
-174
837
2413
3809
4456
5113
6170
6953
7433
8401
9512
10216
10801
11204
10965
10659
11171
11507
11075
10642
9969
8309
6427
5385
4934
5203
5040
1137
-5030
-7019
-3741
-1753
-4430
-8623
-11623
-12689
-11142
-7849
-5937
-7103
-9625
-10508
-7882
-3092
-65
-438
-1274
180
2316
3694
5530
7543
7554
6566
7352
9026
9059
7931
7233
6979
6628
5809
4108
1976
583
-38
-997
-2426
-3967
-5915
-8051
-8741
-8008
-8467
-10550
-11918
-12030
-12298
-12081
-10511
-9570
-10085
-10207
-9109
-7613
-5912
-4302
-3566
-2678
-1046
-62
195
1419
3345
4322
5034
6090
6388
6218
7163
9054
10320
10910
10946
10342
10069
10901
11856
11939
11560
10485
8487
7103
6601
6255
6344
6468
2611
-4289
-6545
-2824
-628
-3901
-8566
-11818
-13271
-11813
-8635
-6965
-8298
-10975
-12197
-9800
-4581
-1337
-1765
-2408
-592
1534
2677
4969
7782
8371
7543
8337
10079
10129
9391
9262
9365
8883
7781
5856
3426
2005
1415
201
-1698
-3460
-5390
-7982
-9274
-8901
-9377
-11464
-12905
-12914
-13403
-13605
-12399
-11425
-11613
-11186
-9574
-8371
-7129
-5344
-4186
-3103
-1162
321
557
1693
3777
4721
5117
6107
6838
6998
8074
9704
10343
10434
10524
10576
10761
11618
12130
11526
10690
9993
9067
8193
7108
5859
5849
6879
3696
-3308
-6063
-2429
-79
-3238
-7688
-10856
-12785
-12138
-9150
-6943
-8005
-11019
-12867
-10989
-5919
-2378
-2537
-3230
-1492
546
1495
3748
6869
7690
6826
7672
9647
9912
9138
8951
9179
8947
8160
6455
4040
2561
2028
804
-1133
-2649
-4472
-7463
-9015
-8430
-8763
-11190
-12970
-13097
-13483
-13407
-12172
-11487
-11943
-11527
-9787
-8480
-7076
-5286
-4313
-3246
-1120
532
661
1657
3745
4818
5424
6544
7149
6832
7521
9403
10547
10752
10368
9815
9872
11250
12168
11304
10162
9392
8532
7599
6729
6251
6939
6949
1472
-5149
-4733
383
796
-4179
-8384
-10921
-11984
-10132
-6702
-5537
-8230
-11669
-12621
-9225
-3841
-1760
-3273
-3821
-1573
-54
877
3904
6598
6164
5355
7151
8870
8551
8060
8398
8797
8573
7667
5540
3387
2875
2887
1626
-322
-1846
-4338
-7309
-7609
-6418
-7663
-11002
-12684
-12977
-13661
-13268
-11860
-11663
-12381
-11820
-10592
-9604
-7593
-5641
-4866
-3404
-1037
-199
-337
1506
3949
5079
5992
7005
7021
6817
8106
10069
11189
11409
10852
10197
10588
11936
12097
11252
10658
9828
8319
7104
6466
6494
7560
5353
-1963
-6287
-2935
742
-2084
-7021
-10209
-12299
-12118
-9086
-6305
-7132
-10325
-12412
-11072
-6057
-1843
-2004
-3682
-2222
570
1572
3260
6304
7018
5744
6640
9099
9627
8654
8145
8417
8729
8447
6781
4217
2819
2782
2236
494
-1319
-3317
-6232
-7839
-7034
-7028
-9754
-12578
-13525
-14059
-14195
-12866
-11949
-12738
-13164
-11964
-10553
-8848
-6574
-5376
-4665
-2629
-595
22
1115
3301
4774
5759
7071
7622
7358
8104
9944
11165
11591
11736
11120
10312
11206
12470
12218
11327
10150
8271
6883
6819
6549
6989
7562
1885
-6387
-6749
-258
1123
-4417
-9283
-12192
-13346
-11244
-7299
-5803
-8417
-11839
-13108
-9968
-3919
-1093
-3056
-4173
-1168
1091
1552
4015
6858
6594
5920
7970
9741
9049
8223
8553
9402
9649
8769
6139
3508
3178
3778
2714
503
-1292
-3731
-6708
-7092
-5979
-7590
-11186
-12818
-12940
-14103
-14437
-13095
-12764
-13493
-12699
-11305
-10626
-9112
-7008
-5792
-4002
-1373
-511
-654
1310
4040
5529
6547
7611
7717
7751
9216
11107
12016
12047
11562
10922
11140
12375
12627
11758
10510
8993
7511
6628
6432
7005
7900
3673
-4651
-6941
-1367
1743
-2856
-8345
-11413
-12823
-11515
-8003
-5983
-7774
-11220
-13077
-11086
-5404
-1742
-3112
-4811
-2423
314
764
2634
5848
6331
5450
7077
9310
8973
7927
8285
9398
9830
9146
6995
4268
3393
4097
3568
1470
-403
-2780
-5934
-6808
-5280
-6520
-10424
-12455
-12465
-13570
-14230
-13079
-12767
-13618
-13013
-11723
-10878
-9279
-7312
-6405
-4898
-2013
-736
-870
662
3294
4827
5921
7228
7691
7709
8869
10711
12013
12562
12123
11164
11514
12921
13251
12235
11191
9833
8080
6878
6793
7864
8452
3166
-5105
-6435
-378
1775
-3549
-8969
-11809
-12970
-11469
-7902
-6306
-8673
-12215
-13475
-10347
-4577
-2057
-3969
-4727
-1560
811
1043
3020
5857
6093
5669
7692
9590
8871
7596
7751
9017
9836
9260
6608
3652
2928
3716
3320
1558
-315
-3076
-6357
-6771
-5079
-6296
-10332
-12666
-12694
-13260
-13479
-12644
-12988
-14014
-12979
-11058
-10086
-8758
-6961
-6218
-4522
-1175
348
30
1286
3758
4979
6064
7555
7859
7639
8692
10443
11423
12059
11926
10771
10990
12598
13328
12171
10726
9208
7627
7087
7406
8357
7638
1172
-6106
-5580
795
1449
-4971
-10705
-13143
-12938
-10480
-7522
-7623
-10922
-13783
-13607
-9522
-4257
-2886
-5051
-5031
-1225
1188
1762
3746
6114
6394
6718
9066
10546
9496
8190
8704
10394
11017
9875
6907
4062
3592
4297
3755
1713
-638
-3836
-6909
-6731
-5533
-7781
-12032
-13726
-13106
-13697
-14162
-13965
-14558
-14735
-12617
-10520
-10346
-9442
-7622
-6419
-3730
-98
884
-136
1365
4257
5746
7253
8602
8553
8177
9556
11488
12366
12783
12017
11304
12105
13345
12973
11032
9997
9075
7619
6978
8271
8800
2777
-5075
-5611
267
2366
-3054
-9472
-13166
-13204
-10233
-6730
-5872
-9509
-13970
-14831
-10082
-3574
-1678
-4296
-5946
-3202
-45
1482
3741
5404
5034
4679
7223
9733
9220
7747
7330
8664
9930
9708
7498
4466
3477
3790
3746
2596
635
-2441
-5919
-6248
-4770
-6248
-10405
-12808
-12355
-12873
-13326
-12810
-13440
-14462
-13318
-10788
-9961
-9140
-7573
-6727
-4615
-1268
466
43
1237
4083
5526
6701
8106
8594
8276
9452
11947
12892
12723
12031
11775
12351
13634
14057
12072
10009
8913
7763
7246
9149
9889
2334
-6384
-5910
472
1915
-3204
-9215
-13954
-14854
-11442
-7168
-5771
-9394
-14577
-16145
-11108
-3761
-1368
-3821
-5460
-2984
-371
1335
4481
6571
5502
4695
7235
9554
8949
7735
7494
8450
9309
9170
7091
4427
3550
3546
3143
2239
706
-2692
-6212
-6180
-5240
-7350
-10977
-12249
-11985
-13059
-13517
-13124
-13330
-13551
-12017
-10094
-9490
-8497
-7439
-6343
-3403
69
790
-59
1394
3701
5200
6973
8513
8502
7896
9053
11015
12567
12946
12231
11889
12485
13407
13127
11651
10385
8888
7440
7849
10373
7556
-2164
-6938
-2175
2543
-383
-6135
-11090
-14075
-12950
-8975
-6188
-7148
-11635
-15730
-14600
-7670
-2398
-3019
-5597
-4518
-1618
-142
2073
5625
6428
4983
5777
8557
9325
8336
7605
7919
8772
9269
7923
5157
3470
3452
3509
2620
1359
-844
-4475
-6471
-5454
-5122
-8601
-12145
-12279
-12311
-13074
-12871
-12487
-13766
-13570
-10940
-9662
-9009
-7129
-6224
-5502
-2058
1566
1437
1187
3306
5085
6263
8147
9293
8565
8537
10189
11698
12389
12619
12278
11741
12354
13037
12095
10903
10044
8480
7571
9603
8579
540
-5112
-2282
1664
-505
-5335
-9848
-13314
-12914
-9469
-7070
-7775
-11251
-14896
-14616
-8674
-3294
-3428
-5577
-4653
-1938
-515
1488
4895
6120
4924
5403
7870
8782
7915
7325
7643
8353
8662
7510
4935
3243
3117
3202
2401
1169
-806
-4051
-6058
-5353
-5525
-8721
-11515
-11087
-11245
-12875
-13185
-12367
-12470
-12150
-10257
-9181
-8761
-7426
-6043
-4317
-1035
1391
877
809
3266
5400
6533
7951
8826
8074
8226
10280
12099
12362
11933
11748
11989
12709
12751
11339
10235
9640
8773
8634
10171
7706
-548
-4863
-987
2923
85
-5572
-10338
-13071
-12158
-8752
-6486
-7518
-11456
-15109
-14568
-8660
-3560
-3723
-5920
-4925
-2400
-1208
739
3982
5053
4194
4961
7375
8145
7162
6219
6677
8074
9024
7853
4681
2385
2465
3202
2851
1800
-359
-4087
-6065
-5122
-5260
-8423
-10831
-10634
-11208
-12575
-12818
-12363
-12579
-11741
-9942
-9201
-8645
-7400
-6473
-4783
-1182
1520
954
739
2551
4537
6173
8198
9243
8582
8445
9830
11361
12652
13294
12955
12430
12845
12377
10611
9823
10281
10148
10082
9042
3407
-3006
-2657
2105
2560
-2175
-7878
-12324
-13186
-9880
-6476
-6774
-10038
-13573
-15018
-11764
-5694
-2930
-4897
-5959
-3444
-1139
482
3530
5585
4722
4567
6945
8521
8329
7652
6812
6448
7379
7923
6086
3326
1913
1619
1034
315
-520
-2744
-5386
-6180
-6522
-8828
-10877
-10404
-9995
-11430
-12939
-13150
-12570
-10935
-8825
-8018
-7962
-7194
-5603
-3560
-707
1509
1539
1534
3165
5152
6343
7260
7861
7908
8577
9891
10831
10876
10746
11248
12131
12847
12393
10687
9310
9106
9490
10339
10566
5797
-1747
-3208
1485
3341
-552
-5870
-10552
-12598
-10359
-6940
-6381
-8956
-12657
-14704
-12277
-6704
-3844
-5404
-6702
-4434
-1976
-903
1480
4190
4225
3821
5950
8023
7682
6773
6644
7264
7993
7842
5854
3362
2410
2556
2009
639
-873
-3133
-5581
-6144
-6253
-8657
-11788
-12058
-10827
-11229
-12752
-13462
-13061
-11899
-9584
-7203
-6382
-6384
-5643
-3345
146
3138
3632
2542
3038
5309
7362
8410
8912
8671
7912
8250
10360
12222
12051
10908
10556
10939
11273
11045
10197
9156
8992
9733
9215
4599
-1131
-1935
1685
2914
-705
-6069
-10412
-11895
-9500
-6009
-5324
-8297
-12382
-14233
-11545
-6002
-2914
-4135
-5775
-4808
-2850
-1045
1756
4005
3721
3148
4731
6528
6354
5656
5779
6314
6882
6981
5381
2747
1633
2233
2435
1525
-218
-2877
-5337
-5769
-5825
-7873
-10304
-10759
-10663
-11975
-13130
-12786
-11996
-11186
-9759
-8182
-7396
-6896
-5710
-3288
-82
2135
2342
2061
3059
4910
6678
7964
8648
8568
8179
8487
9835
11308
11736
11439
11426
11288
10607
9813
9485
9352
9960
10991
9014
2578
-2451
-948
3248
3205
-1419
-7210
-11334
-11703
-8444
-5193
-5388
-9062
-13250
-14076
-9807
-4169
-2507
-4372
-4941
-3256
-1506
526
3456
4921
4208
4263
6166
7327
6385
5257
5442
6312
6844
6191
3726
997
218
860
1011
403
-1364
-4582
-7129
-7350
-7440
-9028
-10165
-10110
-11129
-13457
-14141
-12499
-10753
-9529
-8265
-7565
-7365
-6329
-4026
-973
2182
3867
3453
3112
4664
7060
8674
9541
9957
9527
8966
9540
10995
11719
11501
11281
11261
10826
9717
8445
8035
8827
10087
9163
4033
-1859
-2776
732
2431
-275
-5322
-10267
-12439
-10385
-6513
-5082
-7467
-11394
-13294
-10844
-5724
-2512
-2967
-3934
-2871
-1155
556
3046
4932
4643
4371
6108
7789
7103
5269
4538
5212
6148
6266
4579
1606
-540
-927
-705
-741
-1531
-4014
-7159
-8842
-9448
-10408
-11036
-10568
-10576
-12519
-14461
-13843
-11404
-9442
-8084
-6721
-6032
-5670
-4183
-1624
1235
3570
4559
4455
5063
6766
8068
8800
10124
11387
11286
10423
10681
11690
12004
11866
11935
11325
9617
8029
7480
7923
9013
8315
3121
-2562
-2868
523
1280
-1539
-5517
-9426
-11269
-9365
-6158
-5300
-7566
-10755
-11896
-9078
-4447
-2282
-3020
-3229
-1568
232
1986
4438
5942
5393
5117
6757
8352
7875
6172
4936
4680
4731
4338
2901
708
-1377
-2562
-2942
-3299
-4252
-5872
-7885
-9807
-11099
-11723
-11929
-11373
-11202
-12923
-14657
-13316
-10471
-8995
-7809
-6306
-5810
-5055
-2219
960
2758
4085
4774
4919
6626
9305
9990
9274
9827
10759
10734
11067
12124
12254
11391
11186
11469
10841
9461
8437
7934
8220
9008
7007
929
-3524
-2553
198
-20
-3119
-7912
-12035
-12564
-9621
-6460
-5993
-8567
-11714
-12079
-8305
-3434
-1348
-2140
-2418
-1056
822
3371
6160
7283
6602
6478
7837
9145
9135
7978
6932
6389
6137
5424
3413
861
-1195
-2319
-2982
-3745
-5438
-8010
-10559
-12950
-13984
-13070
-12043
-12312
-14035
-16202
-16519
-13073
-9208
-7995
-7521
-6754
-6265
-4551
-582
2708
3800
4417
4920
5630
7599
9960
10462
10054
10795
11400
11244
11578
12693
12573
11667
11722
11411
9842
8756
8861
8592
8364
8146
3970
-2081
-3418
-256
696
-2029
-5991
-10519
-12851
-10995
-7786
-6861
-8307
-10705
-12612
-10961
-6187
-2681
-2442
-2738
-1488
-16
1803
4481
6848
7607
7586
8324
9199
9393
8827
8427
8528
8319
7327
5105
2583
606
-390
-1065
-2442
-4455
-6923
-9649
-12769
-14720
-14535
-14049
-14025
-14751
-16770
-18773
-17029
-12564
-9778
-8394
-7378
-7254
-6473
-2531
1980
4008
5143
5779
5791
7032
9851
11447
11277
11733
12286
12146
12229
13174
13631
13058
12961
12675
11223
9610
9001
8760
8704
8905
5373
-1218
-4402
-2336
-520
-2188
-5722
-10605
-14130
-13316
-9948
-7920
-8517
-10648
-13124
-12490
-7794
-3371
-2233
-2559
-1721
-324
1765
4638
6800
7430
7715
8832
10002
10305
9573
8582
8377
8701
8665
7130
4390
1468
-333
-880
-1544
-3148
-5600
-8794
-12908
-15696
-15427
-14360
-14480
-15889
-18276
-20267
-18571
-14218
-11412
-9857
-8348
-7748
-6911
-2967
1745
3903
5226
6644
7296
8306
10624
11965
11939
12930
13923
13612
13441
14322
14222
13354
13753
13844
12209
10429
9778
9042
8588
8165
4214
-1528
-3552
-1975
-1958
-4464
-7624
-11693
-14235
-13032
-10276
-9499
-10548
-11832
-12809
-11302
-7270
-4012
-2972
-2263
-595
953
2858
5301
7179
8108
8798
9859
10676
10614
9659
8903
8936
8866
8112
6396
3835
1256
-14
-633
-2120
-4074
-6143
-9642
-13898
-15455
-14533
-14386
-15514
-17109
-19528
-20695
-17777
-13539
-11442
-10316
-9250
-8677
-6541
-1686
2115
3487
4978
6676
7337
8399
10609
11818
12277
13469
14095
13381
13404
14682
15016
14883
15088
14011
11738
10826
11456
11238
10253
7367
1703
-2556
-1926
-209
-2255
-6201
-10306
-14088
-14770
-12004
-9687
-10660
-12751
-14047
-13553
-10008
-5792
-4037
-4023
-2512
-72
1711
4106
6780
7982
8191
9373
10931
11304
10813
9955
9292
9082
8838
7588
5229
2667
650
-465
-1464
-2979
-5040
-8196
-12311
-14891
-14449
-13710
-14734
-16573
-18536
-19830
-18441
-14912
-12519
-11352
-9930
-8722
-7101
-3608
73
1892
3441
5885
7623
8644
9884
10828
11434
12761
14231
14184
13767
14217
14490
14590
14926
14324
12482
11410
11619
11572
11064
8097
2434
-1511
-782
809
-1096
-5364
-10260
-14194
-14725
-11984
-9878
-11013
-13602
-15422
-14677
-10607
-6194
-4818
-4965
-3337
-712
1504
4053
6649
7790
8080
9361
11222
11795
10898
9775
9284
9386
9538
8306
5412
2364
567
-457
-1447
-2504
-4691
-9374
-14311
-15440
-13738
-13371
-15052
-17337
-19796
-20205
-17023
-13334
-11710
-10645
-9412
-8439
-5825
-1387
1486
2603
4421
6559
7617
8895
10460
10977
11612
13224
14079
13734
13819
14143
14020
14348
14589
13650
12092
11310
10967
10758
9591
5421
533
-930
465
-189
-3633
-7571
-11343
-13480
-12446
-10285
-10403
-12569
-14460
-15000
-12398
-7789
-5215
-5545
-5053
-2543
-23
2699
5981
7820
7660
8000
9953
11440
11570
10932
10104
9189
8574
7802
5971
3623
1585
-19
-1721
-3317
-4816
-7895
-12290
-15119
-14725
-13812
-14578
-16114
-18368
-19882
-18142
-13793
-10963
-10204
-9271
-8301
-6461
-2376
1907
3558
4166
6019
7688
9006
10694
11724
11663
12376
13948
14307
14109
14238
14019
13560
13546
13410
12159
11011
10512
10083
8622
4804
673
-1119
-182
-329
-3184
-7404
-11283
-12950
-11908
-9623
-8972
-10935
-13440
-14424
-12052
-7745
-4590
-4060
-3966
-2527
-512
2038
5242
7603
8118
8315
9643
10854
11003
10272
9491
9008
8918
8403
6200
2822
-28
-1298
-1869
-2559
-4037
-8221
-13949
-16828
-15261
-13187
-13465
-15465
-18741
-20557
-18175
-13253
-10098
-9011
-8512
-8307
-6390
-1769
2334
3659
4521
6531
8221
9557
10868
11297
11327
12663
14333
14413
13800
13260
12569
12357
12938
13029
11459
9858
8855
8250
6914
3699
328
-1227
-806
-1801
-4729
-8029
-10882
-12238
-11439
-9478
-9232
-11082
-12623
-12547
-9917
-6150
-3796
-3482
-2689
-484
1479
3778
6846
8646
8555
8830
10378
11265
11207
10628
9638
8484
7878
7013
4750
1968
-316
-2194
-3999
-5202
-7087
-11484
-16047
-17303
-15867
-15255
-16165
-18056
-20186
-19997
-16332
-11867
-9326
-8317
-7927
-6998
-3489
1655
4783
5457
6403
8191
9706
11060
12394
13010
13271
14078
14696
14629
14182
13866
13644
13270
12799
11603
10206
9457
9081
7523
3472
-277
-1892
-1477
-1755
-4194
-8040
-11842
-13399
-12512
-10344
-9284
-10754
-12809
-13396
-11134
-7215
-3864
-2460
-2218
-1086
913
3572
6774
9205
9804
9616
10554
11824
12029
11449
10720
9790
8726
7641
5812
3116
393
-1799
-3672
-5147
-7205
-11280
-15843
-17896
-17124
-16538
-17458
-19275
-20817
-20471
-17759
-14051
-11247
-9556
-8226
-6365
-3067
855
3702
5420
7368
9703
11395
12192
13010
14025
14968
15769
16320
16532
15851
15048
14596
14188
13470
12117
10758
9564
8875
6937
2201
-1854
-2864
-2019
-2911
-5667
-9464
-13565
-15070
-13469
-10932
-10363
-11909
-13782
-14363
-11510
-7003
-4015
-2945
-1797
-80
1516
4276
7940
10309
10935
11472
12545
13224
13080
12516
11867
11148
9995
8008
5285
2482
-108
-2271
-4207
-6058
-9468
-14430
-18268
-18881
-17744
-18059
-20037
-22269
-22875
-21204
-17817
-14260
-12015
-10863
-9307
-6041
-1503
2216
4145
5495
8022
11152
13345
14040
14241
14625
15823
17411
18533
18423
17128
15796
15101
14942
14546
13029
11328
9819
8337
4754
44
-2864
-3515
-3562
-5363
-8575
-12713
-15713
-15891
-13916
-11836
-11628
-12998
-14227
-13321
-9601
-5599
-3012
-1731
-233
1383
3368
6384
9378
10921
11557
12673
13864
13999
13387
12606
12087
11549
10536
7933
4449
1152
-1233
-2838
-4276
-7347
-12800
-17757
-19512
-18626
-18147
-19704
-22497
-23952
-22747
-19765
-16418
-13484
-11942
-10828
-8221
-3687
503
3284
5226
7267
9688
12130
13708
14552
15409
16533
17357
18133
18625
18293
17283
16718
16156
15168
13755
12673
11457
9648
6102
1347
-1709
-2323
-2574
-5052
-8756
-12731
-15583
-15892
-14140
-12885
-13537
-14944
-15384
-14092
-10486
-6829
-4761
-3707
-1800
631
3099
6075
8788
10019
10820
12278
13965
14395
14016
13150
12375
11757
10986
9175
6375
3175
490
-1603
-3533
-6969
-11614
-15635
-17640
-17856
-18432
-20621
-23550
-24267
-22616
-20115
-17405
-15171
-14048
-12698
-9072
-4065
-209
2315
4085
6258
9200
12352
14042
14642
15529
16784
17943
19098
19656
18967
17835
17292
16805
16135
14881
13553
12030
10165
6045
1099
-1545
-1812
-2438
-5114
-8948
-13505
-16731
-16683
-14504
-13033
-13627
-15265
-16582
-15410
-11076
-6792
-4435
-3079
-1315
345
2779
6603
9708
10809
11406
12869
14281
14604
14215
13270
12251
11414
10500
8642
5734
2407
-418
-2392
-4520
-8123
-12395
-15916
-17384
-17712
-18600
-21136
-23200
-23110
-21670
-19416
-16658
-14689
-14004
-12191
-8166
-4117
-1023
1471
3936
6414
9323
11727
12909
13964
15573
17226
18604
19919
20102
19003
18204
18102
17905
16917
15858
14428
12340
8856
3926
522
-727
-1144
-3602
-7368
-11685
-15445
-16581
-15258
-13692
-14113
-15737
-16723
-16175
-12909
-9077
-6486
-5046
-3146
-993
1290
4809
8313
10052
10876
12384
14247
15066
15013
14589
13994
13178
11909
9915
7126
4099
1629
-397
-3372
-7850
-12518
-15683
-16938
-17217
-18441
-21568
-24232
-24091
-22053
-19570
-16882
-15174
-14961
-13419
-8981
-4389
-1339
1007
3102
5091
7909
10919
12737
13934
15371
16513
17621
19235
20284
19839
18986
18458
17921
17188
16738
15722
13356
9058
3902
682
47
-178
-3008
-7649
-12451
-15689
-16135
-14581
-13356
-14203
-16057
-16926
-15872
-12392
-8876
-6702
-5601
-3640
-1063
1474
4418
7163
8974
10386
12385
14446
15147
14818
14219
13810
13177
12311
10882
8171
4828
2026
-768
-5090
-9274
-11758
-13835
-16130
-18136
-20698
-23697
-23895
-21615
-20058
-18893
-17080
-16009
-15011
-11068
-6181
-3660
-1776
1155
3580
5525
8208
10461
11571
13366
15589
16524
17167
18250
18686
18287
18649
18885
17539
15994
15775
14910
11857
7008
3072
914
586
-698
-4511
-9576
-13603
-15294
-14732
-13095
-13014
-15269
-17106
-16606
-13626
-9875
-7256
-6237
-4993
-2277
638
3479
6375
8510
9576
11177
13584
14957
14809
14266
13665
12788
12117
11185
8795
5799
3234
386
-4245
-7981
-9882
-11749
-14463
-16892
-19506
-22327
-22514
-20583
-19619
-19136
-17761
-16480
-14981
-11124
-7022
-5309
-3426
36
3055
5115
7649
9466
10324
12255
14890
16265
17055
17919
17979
17679
18263
18546
17445
16425
16375
15056
11595
6947
3596
1791
1320
-268
-4230
-9528
-13627
-15232
-14503
-12959
-13006
-15415
-17524
-17100
-13985
-10215
-7564
-6340
-5125
-2878
-143
2846
5908
8130
9521
11387
13650
14589
14392
14181
13653
12882
12525
11361
8621
5598
2625
-1977
-6126
-7576
-8571
-11503
-15239
-18525
-21421
-21653
-19367
-17935
-18189
-18209
-17676
-16466
-12726
-8079
-5782
-4642
-2439
135
2169
4880
7534
9439
11283
13187
14256
15205
16552
17621
18472
19282
18691
17095
16051
16264
15825
13806
9296
4409
2079
1733
533
-2830
-7000
-11611
-14525
-14089
-12401
-12656
-14709
-16274
-16469
-14535
-10783
-8147
-7201
-5895
-3291
-1006
1607
4872
7017
7958
9911
12614
13935
13999
13594
12431
11513
11560
11005
8891
6235
2727
-2512
-6230
-7041
-7322
-9668
-13167
-16958
-19664
-19214
-17132
-15843
-15408
-15176
-15084
-13936
-10453
-7154
-5387
-3784
-1607
407
2025
3789
5342
7079
9093
10799
12006
13049
13913
14639
15624
16533
16558
15963
15240
15240
15016
13196
8815
4896
3383
3109
1962
-1008
-5509
-10425
-12767
-11891
-10474
-10768
-12911
-15352
-16287
-13896
-9761
-7334
-6562
-5728
-4340
-2443
1225
5259
7062
7433
8784
10774
12236
12883
12529
11027
10115
9807
9017
7041
3894
-1207
-5547
-6744
-6355
-7797
-11794
-16252
-18748
-17784
-15417
-14072
-13875
-14234
-14201
-12226
-8038
-4484
-3257
-2370
-727
1834
4139
5483
5887
6943
8884
10429
11439
12014
11870
11912
13156
14726
14571
13227
11808
11493
12238
11697
7607
2803
1013
814
281
-1031
-4131
-9366
-12602
-11663
-9430
-8741
-9531
-11772
-13532
-12001
-7913
-5457
-4406
-3210
-2417
-1522
1382
4825
6094
6487
8214
10224
11451
11518
10517
8968
8055
8286
8252
6608
1945
-4171
-7914
-8615
-7836
-9090
-13285
-18525
-20539
-18640
-16128
-14124
-13223
-13417
-13214
-9957
-4865
-1853
-366
1344
3525
5772
7951
9215
9358
10381
12117
13319
13791
13852
13211
12557
13486
14701
13982
11800
9966
9121
8631
7112
3111
-975
-2997
-4059
-5356
-7079
-9781
-13508
-14819
-13102
-11128
-10315
-10309
-10824
-10529
-7284
-2938
-625
895
2260
3079
4317
7390
10023
10087
9914
10640
11288
11199
10534
8932
6500
5401
5078
3554
-187
-5065
-8989
-11158
-11278
-11738
-14664
-19043
-21375
-20625
-18566
-16151
-14463
-14259
-13726
-10792
-6290
-2466
365
2297
3922
6443
9646
11764
12304
13014
14041
14896
15774
16381
15799
14698
14570
14465
13687
12686
11203
9181
7963
7123
4027
-485
-2885
-4135
-5718
-7232
-9004
-12434
-15222
-14998
-13753
-12770
-11628
-11448
-12147
-10767
-6582
-3398
-1571
862
2862
3848
6089
9642
11367
11682
12546
12949
12628
12787
12441
10203
7962
6381
3340
-444
-3085
-5615
-8993
-11782
-14147
-17240
-19731
-20340
-19942
-19266
-18465
-17762
-16783
-14547
-11308
-7888
-4526
-1680
477
2644
5490
8358
10730
12769
14431
15727
16862
17724
18427
19034
19544
19290
18405
17374
15865
14087
12706
11011
6949
2047
-699
-2567
-5282
-8446
-11612
-15337
-17857
-17902
-17485
-17405
-17234
-17370
-17209
-14580
-10062
-7191
-5421
-2732
216
2672
5931
9772
11779
12588
13920
15362
16025
15999
15417
13923
12172
9857
6488
2883
-183
-3054
-6672
-10333
-13514
-16562
-19500
-21026
-20916
-20945
-21280
-20647
-18951
-16798
-14165
-11026
-8088
-5128
-1783
1504
4577
7453
10006
12100
14596
17470
19504
20423
21034
21788
22200
22080
21910
21239
19557
17534
15633
12090
6999
3606
1812
-1074
-4982
-8844
-13357
-17341
-18256
-17942
-18775
-19662
-20104
-20792
-19762
-15576
-11926
-10402
-8074
-4449
-1731
1001
5257
8618
10071
11938
14409
15401
15364
15653
15111
13191
11240
9297
6243
2835
100
-3260
-7374
-10230
-12142
-14951
-17393
-17905
-18479
-19438
-18828
-17191
-16215
-14710
-11977
-9615
-7604
-4849
-1925
494
3285
6427
8814
10900
13243
15236
16766
18753
20824
21436
21040
20816
20753
20266
19747
18660
15054
9946
6852
5521
3141
-519
-4492
-9368
-13396
-14592
-15002
-16700
-18214
-19025
-20067
-19568
-16473
-13919
-12913
-10574
-6951
-4493
-2025
1850
5004
6632
9003
11750
12885
13312
13935
13109
10994
9836
8760
6051
2982
233
-3425
-6935
-8565
-9943
-12602
-14679
-15515
-16235
-16203
-14712
-13458
-13000
-11783
-9845
-7992
-5625
-2872
-885
471
2450
4825
6928
9218
11612
13167
14110
15620
17284
17938
18209
18638
18573
18172
17818
16036
11898
8522
7667
6896
4293
528
-4013
-8421
-10043
-9547
-10216
-12423
-14493
-16251
-17018
-15002
-12087
-11275
-11115
-9228
-6761
-4722
-1926
897
2529
4101
6570
8628
9323
9139
8228
7266
7245
7025
4833
1184
-1869
-3996
-5701
-7093
-8684
-10764
-12793
-13645
-13298
-12487
-11859
-11344
-10270
-8457
-6477
-4852
-3303
-1496
323
2107
3918
5744
7273
8503
9760
11244
12619
13759
14738
15155
14974
14917
14929
14839
14560
13266
9642
6390
5704
5336
3128
-33
-3533
-7287
-8810
-7940
-8041
-9693
-11229
-12315
-12654
-10487
-7475
-6716
-6571
-4856
-2925
-1956
-155
2025
2733
3483
5193
5756
4376
3375
3035
2295
2055
1608
-788
-4056
-5412
-5917
-7198
-7965
-8333
-9789
-11159
-10779
-9901
-9690
-8920
-7762
-6786
-5373
-3639
-2436
-1150
1130
3272
4717
6364
8018
9061
9967
11494
12792
13526
14061
14085
13570
13217
12871
12070
11513
10652
7528
3983
2750
2519
782
-1658
-4083
-6970
-8443
-8040
-7911
-8754
-9033
-9207
-9371
-7574
-4742
-3762
-3558
-1786
392
1381
2735
4308
4480
3646
3792
4342
3913
2963
1393
-1138
-3016
-3265
-3926
-5931
-7374
-8521
-10202
-10840
-9941
-9863
-10766
-10480
-9439
-8754
-7687
-6336
-5615
-4673
-2576
-440
1155
2709
4089
5184
6859
9204
11034
12196
13201
14218
14745
14887
15048
14897
14316
13942
13719
11625
7443
4612
3530
2640
1070
-1346
-5448
-9421
-10493
-10064
-9935
-10127
-11157
-12853
-13005
-10080
-7280
-6144
-5054
-3407
-2029
-172
2994
4990
4794
4748
5862
6776
6908
6519
4658
2173
1499
1481
-17
-2185
-3859
-6132
-8003
-7745
-7332
-8760
-10130
-10165
-9924
-9336
-7917
-7148
-7094
-6068
-4295
-2886
-1179
777
1968
2824
4715
6771
7879
8859
10129
10874
11274
12172
12850
12480
12059
11330
9654
8555
8830
8465
5870
3193
1124
-592
-954
-780
-2363
-5177
-6730
-7302
-7455
-6251
-5569
-6592
-7556
-6834
-5652
-4706
-3342
-2262
-1899
-1402
-542
344
822
1312
1591
1645
1513
1102
363
-555
-1035
-1380
-2338
-3472
-4278
-5070
-5866
-6106
-6051
-6409
-6667
-6421
-5923
-5396
-4795
-4255
-3449
-2196
-1031
-337
409
1306
2169
3240
4649
5738
6354
6732
7436
8414
9590
10462
10627
10076
9565
9490
9574
9559
8947
6496
3456
1812
1432
791
-641
-2687
-5508
-7191
-6886
-6202
-6190
-6349
-6382
-6562
-5755
-4065
-3235
-2650
-1418
-93
80
-103
145
369
968
1814
1832
779
-238
-585
-957
-963
-986
-1953
-3384
-4159
-4159
-4620
-5366
-5815
-6185
-6346
-5987
-5331
-5239
-5355
-4831
-3782
-2329
-960
-139
121
895
2496
3927
4910
5826
6599
6976
7694
8884
9740
10044
10175
10291
10208
10164
10010
9540
8608
6742
4465
2780
2041
949
-1080
-3590
-6055
-7315
-7463
-7532
-8066
-8567
-8700
-8449
-7056
-5503
-4849
-4308
-2987
-1449
-743
-105
435
624
1136
1850
2017
1387
839
413
-66
-159
-544
-1591
-2715
-3136
-3372
-3992
-4532
-5019
-5532
-5653
-5151
-4542
-4388
-4175
-3570
-2568
-1277
-25
909
1611
2427
3362
4338
5269
5866
6121
6451
7010
7315
7289
7244
7407
7549
7439
7046
6486
6107
5714
5334
4569
3285
1817
806
327
-239
-1187
-2509
-3679
-3962
-3911
-3870
-4246
-4480
-4583
-4309
-3539
-3023
-3042
-3440
-3216
-2611
-2209
-2037
-2383
-2868
-2988
-2403
-1992
-2178
-2364
-2647
-2827
-2653
-2359
-2662
-3117
-3022
-2958
-3127
-3243
-3413
-3720
-3542
-2840
-2410
-2306
-1975
-1567
-1059
-41
982
1497
1949
2640
3262
3796
4439
4764
4952
5495
5942
6024
6118
6358
6361
6466
6980
7121
6859
6622
6265
5935
5827
5534
4311
3182
2379
1260
426
99
-926
-2670
-3565
-3576
-3947
-4111
-4381
-5240
-5678
-5043
-4598
-4766
-4482
-4369
-4834
-4543
-3608
-3487
-3828
-3441
-2908
-2853
-2513
-2112
-2142
-1978
-1388
-1167
-1386
-1392
-1353
-1574
-1352
-863
-1027
-1741
-1993
-1770
-1610
-1215
-736
-812
-1078
-829
-213
315
1040
1597
1655
1824
2450
2992
3370
3987
4522
4618
4831
5246
5426
5527
5794
5900
5754
5792
5771
5394
5024
4745
4173
3485
3109
2697
1972
1213
431
-555
-1324
-1645
-2063
-2752
-3452
-4223
-4996
-5197
-4973
-4985
-5203
-5345
-5365
-5204
-4709
-4261
-4108
-3940
-3584
-3098
-2603
-2232
-2149
-2189
-2012
-1645
-1228
-956
-942
-1069
-1169
-1076
-823
-464
-248
-319
-468
-552
-463
-147
261
519
592
727
883
1017
1317
1796
2226
2489
2763
2996
3074
3265
3590
3829
3975
4095
4078
3982
4041
4152
4043
3957
4009
3934
3672
3476
3238
2744
2406
2330
2135
1617
930
163
-552
-915
-1077
-1579
-2366
-3125
-3762
-4218
-4375
-4460
-4857
-5218
-5249
-5169
-5130
-4980
-4663
-4402
-3995
-3487
-3241
-3067
-2675
-2165
-1702
-1231
-890
-941
-990
-742
-372
-115
77
152
-8
-22
179
325
432
599
789
889
1076
1284
1328
1482
1918
2400
2589
2691
2744
2774
2990
3282
3391
3299
3189
3086
2934
2798
2628
2464
2346
2327
2252
2008
1742
1582
1523
1444
1401
1342
1069
749
606
507
200
-146
-451
-824
-1091
-1288
-1652
-2224
-2691
-3003
-3258
-3358
-3389
-3624
-4009
-4208
-4180
-4096
-3830
-3434
-3203
-3217
-3162
-2895
-2514
-2026
-1512
-1251
-1201
-1119
-947
-760
-399
20
235
264
388
619
796
1053
1403
1758
2004
2230
2374
2400
2489
2688
2856
2906
2871
2732
2471
2322
2328
2313
2156
1930
1690
1396
1232
1215
1155
1012
875
746
615
624
695
620
481
509
652
717
751
704
577
505
525
446
205
-92
-371
-587
-761
-1038
-1446
-1860
-2159
-2393
-2569
-2777
-3026
-3228
-3323
-3378
-3427
-3432
-3456
-3448
-3310
-3158
-3090
-2982
-2723
-2447
-2102
-1665
-1264
-948
-549
6
555
1129
1661
2041
2355
2757
3157
3372
3464
3495
3443
3422
3379
3245
2897
2523
2212
1947
1728
1453
1136
801
496
280
97
-1
-41
-30
-126
-271
-244
-85
117
291
358
332
416
702
908
904
835
777
745
773
802
604
231
-80
-302
-498
-652
-870
-1232
-1592
-1854
-2113
-2401
-2564
-2655
-2759
-2844
-2973
-3135
-3199
-3010
-2694
-2403
-2174
-2028
-1820
-1431
-848
-250
149
490
797
1147
1549
1911
2112
2148
2207
2311
2335
2248
1998
1707
1479
1430
1379
1127
821
511
317
286
371
296
23
-125
-131
-33
121
203
133
64
210
395
578
750
836
813
870
1042
1138
1109
1036
964
874
793
657
365
84
-72
-172
-345
-590
-900
-1232
-1421
-1425
-1421
-1531
-1749
-1952
-2019
-1944
-1822
-1718
-1657
-1602
-1493
-1295
-1041
-791
-531
-253
17
268
491
662
869
1106
1320
1399
1362
1286
1222
1153
1076
978
730
391
140
-65
-218
-321
-445
-666
-817
-798
-747
-661
-498
-398
-330
-159
129
348
538
766
922
1040
1184
1332
1361
1317
1297
1256
1206
1151
987
734
541
448
331
155
-51
-267
-499
-635
-686
-804
-995
-1119
-1169
-1209
-1158
-1109
-1164
-1171
-1029
-871
-767
-608
-448
-339
-170
51
195
277
425
587
702
857
944
844
752
809
849
834
805
653
348
161
127
77
-39
-206
-472
-722
-787
-827
-943
-1015
-1021
-1020
-998
-926
-907
-903
-736
-496
-253
-68
57
141
267
488
652
803
873
867
854
870
905
807
679
566
486
442
340
154
-95
-263
-326
-356
-401
-482
-611
-704
-689
-612
-533
-448
-369
-258
-126
26
171
303
432
619
841
1016
1128
1157
1135
1135
1219
1349
1329
1143
914
694
538
458
354
87
-230
-471
-711
-924
-1060
-1194
-1379
-1496
-1508
-1558
-1575
-1513
-1437
-1319
-1137
-940
-796
-611
-391
-207
-14
179
382
553
635
669
675
704
728
736
690
511
289
149
62
-52
-153
-330
-573
-717
-734
-764
-766
-724
-728
-710
-558
-399
-302
-109
148
350
492
636
756
909
1140
1315
1354
1343
1332
1353
1413
1450
1383
1226
1120
1094
1059
980
821
587
381
258
159
-3
-239
-516
-777
-936
-1054
-1203
-1396
-1524
-1602
-1636
-1593
-1534
-1495
-1411
-1220
-1023
-847
-685
-555
-420
-178
47
159
201
248
293
341
442
463
382
271
230
215
189
143
28
-76
-145
-178
-178
-182
-212
-276
-295
-237
-131
-67
-70
-51
24
156
269
328
317
353
457
572
659
691
688
695
792
918
986
987
948
943
989
1072
1087
971
831
728
648
566
453
246
-27
-219
-343
-500
-694
-877
-1012
-1107
-1182
-1273
-1369
-1384
-1352
-1285
-1194
-1101
-1076
-1044
-910
-724
-526
-380
-296
-214
-104
24
128
231
295
309
356
409
442
409
380
367
383
408
367
279
158
75
84
144
143
63
-40
-99
-64
34
118
154
184
262
347
434
537
631
686
742
796
777
722
707
705
685
661
595
460
360
326
308
269
198
77
-70
-145
-153
-195
-274
-377
-491
-581
-616
-651
-709
-759
-786
-797
-790
-801
-826
-838
-801
-755
-692
-645
-660
-624
-517
-377
-268
-167
-100
-73
21
187
328
422
457
460
449
489
531
499
425
313
206
138
92
55
17
-15
-70
-82
-60
-31
49
131
208
288
377
411
452
539
613
634
641
606
548
503
481
433
369
308
215
122
45
-10
-71
-106
-122
-163
-221
-278
-307
-319
-261
-220
-272
-334
-356
-349
-326
-284
-277
-330
-384
-405
-418
-412
-377
-375
-419
-450
-451
-441
-379
-249
-158
-120
-63
8
118
238
373
468
508
538
551
564
559
554
524
470
409
341
268
203
161
111
58
19
-37
-81
-121
-148
-136
-127
-155
-191
-214
-232
-201
-137
-65
-36
-35
-14
36
146
265
333
344
339
356
391
422
429
379
309
232
174
97
-18
-109
-196
-264
-352
-447
-564
-649
-686
-694
-681
-686
-730
-756
-700
-588
-473
-388
-343
-297
-185
-20
144
255
304
344
415
546
663
700
707
691
671
665
648
591
500
407
357
295
209
78
-52
-116
-135
-160
-246
-349
-418
-454
-421
-372
-378
-430
-463
-419
-351
-260
-207
-178
-100
8
109
151
193
249
310
396
435
415
356
325
330
362
363
296
205
132
80
62
57
35
-45
-158
-236
-264
-278
-285
-316
-370
-406
-416
-402
-379
-325
-281
-233
-192
-142
-101
-40
73
176
237
282
308
321
354
429
481
468
411
350
307
290
291
275
220
151
53
-10
-35
-58
-75
-112
-168
-206
-233
-242
-223
-193
-196
-210
-216
-234
-227
-201
-174
-175
-200
-215
-236
-232
-216
-204
-175
-154
-139
-137
-107
-46
7
72
143
175
195
232
282
330
378
383
333
271
223
184
162
140
71
-47
-152
-215
-234
-227
-209
-195
-210
-232
-205
-127
-46
49
102
127
141
162
191
228
255
233
188
141
103
61
39
47
31
-8
-37
-49
-61
-53
-32
-23
-43
-61
-60
-55
-43
-22
-40
-108
-156
-184
-201
-206
-207
-263
-341
-366
-381
-400
-407
-381
-364
-362
-330
-303
-264
-185
-92
-26
20
86
133
184
260
323
369
405
409
374
374
416
436
429
423
383
341
337
343
341
343
332
298
254
210
172
129
109
75
11
-78
-153
-207
-247
-287
-341
-373
-394
-397
-383
-346
-312
-269
-200
-133
-54
12
87
128
176
226
236
226
192
150
97
41
-20
-102
-198
-291
-354
-404
-450
-489
-530
-550
-549
-509
-473
-448
-397
-345
-286
-214
-122
-67
-21
57
138
213
260
291
316
362
424
452
468
447
437
447
455
451
412
358
324
313
306
272
221
159
102
81
75
56
-1
-58
-80
-80
-79
-68
-72
-86
-100
-100
-78
-62
-66
-75
-90
-93
-88
-106
-127
-145
-174
-201
-208
-228
-250
-270
-288
-296
-293
-282
-289
-298
-290
-270
-253
-237
-217
-212
-199
-170
-142
-135
-117
-103
-104
-92
-66
-62
-40
-8
7
25
60
92
89
100
148
203
228
248
272
293
322
371
408
423
409
382
362
377
391
365
299
238
198
144
94
48
-8
-52
-93
-132
-161
-203
-228
-226
-215
-205
-201
-214
-214
-179
-140
-114
-102
-94
-112
-118
-90
-60
-55
-77
-107
-116
-107
-113
-126
-156
-184
-189
-196
-208
-239
-269
-267
-264
-262
-265
-287
-277
-259
-226
-199
-192
-177
-152
-91
-17
43
87
119
147
200
268
335
384
414
428
439
451
449
451
449
433
405
372
311
243
205
156
119
68
-5
-88
-145
-164
-184
-194
-216
-252
-287
-303
-273
-255
-256
-268
-272
-258
-238
-216
-211
-204
-203
-193
-182
-164
-126
-103
-74
-48
-15
14
25
51
66
75
64
39
4
-36
-60
-76
-117
-169
-234
-279
-301
-292
-271
-272
-260
-229
-187
-142
-72
6
80
158
231
282
335
403
471
529
566
574
565
548
549
545
515
468
414
364
312
267
210
148
86
25
-49
-129
-187
-229
-269
-317
-356
-402
-423
-430
-420
-416
-407
-389
-380
-353
-314
-264
-246
-228
-211
-207
-182
-152
-118
-97
-66
-33
-31
-2
31
47
52
61
55
37
29
8
-10
-27
-46
-66
-93
-124
-137
-129
-115
-100
-82
-72
-37
17
64
103
142
164
197
225
248
258
284
292
276
264
256
259
247
242
226
199
157
127
91
77
61
26
-9
-62
-95
-112
-119
-125
-133
-161
-197
-217
-220
-193
-186
-186
-188
-207
-216
-211
-200
-190
-157
-153
-165
-165
-152
-137
-125
-102
-83
-74
-66
-62
-60
-42
4
25
31
39
35
28
34
64
73
73
74
61
62
90
115
133
138
135
143
161
196
230
241
249
242
224
205
197
203
190
174
141
99
78
63
47
27
-7
-57
-97
-125
-145
-153
-161
-179
-195
-206
-203
-173
-120
-72
-59
-46
-48
-38
-12
24
56
50
38
12
-6
-14
-19
-30
-50
-63
-83
-121
-134
-119
-104
-108
-110
-114
-125
-114
-100
-67
-51
-29
-28
-37
-24
4
26
41
41
24
36
64
88
94
109
119
131
150
158
161
173
184
186
184
173
160
152
158
142
110
83
67
41
32
21
-9
-41
-77
-119
-147
-155
-168
-180
-192
-201
-201
-197
-174
-144
-107
-69
-38
-21
-7
21
38
62
85
90
77
65
60
66
72
56
30
20
28
39
42
37
23
9
1
11
11
19
26
4
4
7
7
12
22
24
19
20
15
28
46
60
70
93
98
97
102
91
94
113
129
112
85
58
64
63
60
55
25
-2
-40
-66
-68
-65
-86
-112
-122
-126
-136
-132
-127
-116
-102
-83
-74
-51
-31
-17
15
42
50
41
51
62
68
70
70
72
58
41
28
11
-5
-16
-38
-55
-48
-51
-49
-33
-22
-17
-14
9
34
48
75
115
128
143
155
168
189
232
242
237
221
190
171
155
149
113
61
26
3
-20
-51
-87
-102
-127
-143
-157
-175
-174
-184
-191
-202
-199
-196
-189
-173
-151
-117
-90
-73
-62
-47
-25
37
85
97
109
126
141
174
197
193
181
162
161
154
147
127
75
35
4
-15
-36
-60
-95
-121
-128
-133
-134
-132
-94
-71
-53
-11
34
84
125
171
213
242
275
286
298
318
325
308
295
291
264
218
178
147
93
31
-31
-84
-115
-150
-198
-249
-285
-303
-315
-326
-344
-346
-331
-314
-298
-272
-242
-219
-188
-140
-105
-70
-16
25
56
93
141
165
182
212
253
276
294
304
294
299
293
278
243
217
175
128
78
43
17
-19
-54
-96
-121
-134
-150
-148
-150
-165
-150
-120
-100
-54
-1
19
53
114
158
183
225
253
267
283
291
278
258
226
201
172
134
93
49
-20
-70
-109
-149
-183
-224
-255
-299
-310
-304
-311
-301
-291
-278
-266
-236
-200
-148
-97
-56
-10
20
73
118
170
213
232
239
229
235
247
246
222
191
166
136
95
63
49
29
-1
-43
-80
-99
-86
-75
-76
-70
-56
-44
-36
-20
4
37
60
79
102
121
134
140
149
155
149
119
88
87
88
81
51
6
-34
-53
-52
-66
-81
-88
-107
-129
-126
-122
-133
-140
-134
-141
-139
-111
-96
-83
-55
-21
1
23
52
58
70
86
95
92
96
107
95
85
65
48
26
14
8
-12
-35
-42
-43
-60
-52
-37
-39
-39
-26
-14
6
40
46
46
41
48
61
73
83
79
79
73
81
99
107
102
86
85
97
103
91
68
48
26
5
-1
-16
-43
-57
-71
-75
-76
-90
-100
-99
-78
-57
-51
-40
-43
-41
-18
9
30
42
46
40
46
64
78
85
78
68
59
38
31
23
-2
-27
-57
-74
-86
-84
-96
-109
-110
-110
-118
-111
-113
-112
-93
-80
-65
-61
-48
-26
-3
26
37
36
36
42
55
58
59
69
80
94
91
78
62
57
59
50
40
28
18
8
14
-11
-42
-51
-43
-58
-87
-95
-95
-90
-82
-100
-99
-85
-76
-56
-28
-11
-4
19
35
49
63
83
87
82
80
63
51
51
37
17
-7
-25
-39
-46
-56
-70
-86
-92
-82
-79
-73
-59
-45
-35
-12
1
9
22
44
59
67
74
68
68
71
59
61
54
41
22
15
11
9
1
-3
-6
-7
-10
-36
-56
-44
-34
-43
-53
-62
-72
-93
-95
-91
-80
-82
-91
-108
-90
-56
-42
-32
-20
2
28
54
74
85
100
114
129
140
139
122
95
85
74
61
41
7
-40
-57
-60
-86
-104
-119
-130
-141
-146
-150
-132
-122
-110
-104
-88
-62
-39
-31
-32
-27
-15
7
24
33
29
32
39
47
51
57
52
51
65
59
42
36
31
18
-9
-26
-35
-57
-67
-90
-99
-113
-116
-108
-109
-112
-113
-119
-110
-88
-74
-59
-59
-44
-25
-10
8
23
30
34
47
48
54
63
64
51
50
52
37
29
27
13
-8
-17
-12
-13
-20
-33
-30
-20
-27
-33
-36
-33
-29
-50
-49
-43
-48
-56
-51
-47
-52
-44
-35
-29
-24
-9
-4
19
26
22
22
30
36
40
41
29
16
4
4
-1
-22
-38
-47
-43
-39
-52
-66
-72
-51
-46
-52
-58
-54
-40
-27
-17
-20
-36
-25
-14
-14
-1
-7
-2
1
-3
-8
-15
-9
-13
-13
-7
2
-9
-10
-3
7
6
-7
-18
-26
-23
-28
-34
-36
-48
-62
-72
-80
-83
-78
-73
-78
-74
-62
-51
-50
-49
-46
-39
-43
-27
-24
-29
-20
-15
-18
-23
-26
-31
-35
-35
-39
-52
-52
-46
-52
-39
-33
-38
-41
-36
-18
-11
8
22
24
34
32
27
38
40
46
39
34
31
18
19
21
13
-16
-35
-36
-57
-63
-61
-72
-80
-69
-66
-63
-66
-57
-52
-54
-43
-37
-43
-35
-28
-29
-42
-23
-19
-22
-7
-11
-10
-5
-8
-17
-14
-4
4
-1
1
-1
-14
-17
-16
-19
-28
-33
-30
-33
-32
-35
-46
-59
-64
-66
-63
-60
-58
-44
-35
-20
-15
-14
4
18
22
28
38
37
33
25
33
40
42
30
15
7
12
10
2
-7
-15
-21
-21
-37
-54
-57
-71
-72
-86
-85
-84
-77
-67
-51
-40
-31
-23
-25
-10
9
9
6
8
0
8
13
16
14
7
-6
-14
-13
-12
-23
-38
-45
-51
-74
-79
-78
-74
-72
-74
-53
-57
-49
-48
-46
-38
-31
-24
-34
-23
-10
-16
-9
8
14
16
16
16
21
28
35
35
24
23
15
16
24
13
8
1
-13
-15
-25
-28
-27
-36
-49
-58
-56
-55
-60
-64
-59
-44
-31
-21
-6
1
14
18
19
18
18
31
31
30
16
11
-6
-22
-32
-33
-21
-25
-37
-50
-48
-48
-48
-54
-55
-66
-70
-67
-59
-52
-52
-44
-45
-32
-22
-5
1
9
20
28
28
28
32
49
55
47
45
43
30
27
37
52
49
30
20
-1
-11
-20
-32
-41
-45
-67
-76
-82
-86
-90
-94
-89
-91
-77
-61
-50
-43
-34
-25
-1
25
47
62
65
69
79
84
87
75
71
73
68
64
45
12
-10
-8
-16
-30
-45
-68
-93
-105
-102
-97
-94
-95
-102
-102
-83
-66
-57
-49
-38
-21
-9
-6
2
19
39
42
50
65
56
55
58
55
48
41
32
17
16
24
22
10
-1
-8
-14
-27
-36
-56
-62
-69
-75
-69
-68
-60
-57
-45
-32
-24
-23
-17
3
10
15
32
42
54
46
57
64
56
45
36
30
21
27
14
6
-13
-34
-46
-58
-71
-71
-67
-61
-58
-64
-71
-60
-40
-28
-13
-8
7
7
14
36
46
47
48
60
76
82
80
70
69
73
52
37
25
11
-1
-13
-28
-46
-53
-67
-67
-60
-60
-64
-71
-65
-60
-61
-53
-40
-34
-23
-10
4
12
16
31
38
50
55
57
57
55
50
40
26
18
8
-2
-1
-9
-26
-30
-32
-35
-36
-42
-28
-22
-28
-15
-18
-19
-2
11
23
28
30
25
27
27
29
39
35
32
30
28
29
29
32
28
25
19
6
3
-17
-28
-35
-45
-49
-52
-56
-67
-60
-57
-49
-37
-32
-22
-14
2
20
24
21
24
31
48
56
51
58
66
64
63
71
73
59
58
50
45
35
30
10
-4
-9
-16
-28
-36
-38
-43
-45
-51
-44
-42
-34
-30
-19
-15
-5
4
-1
8
16
15
17
31
27
14
15
29
46
60
58
56
57
61
69
67
51
42
31
27
20
6
-3
-15
-27
-38
-44
-49
-58
-53
-54
-56
-55
-57
-59
-58
-64
-58
-52
-47
-29
-22
-13
-2
8
15
36
46
48
58
59
67
69
66
68
59
58
59
56
46
35
30
18
16
14
14
14
2
-11
-11
-14
-21
-21
-17
-18
-9
-18
-7
14
19
25
20
23
32
40
52
55
44
51
57
58
63
59
54
47
37
25
15
14
5
5
3
-5
-15
-15
-21
-24
-27
-29
-23
-19
-2
-8
-12
-11
-8
-1
13
24
23
25
35
41
34
27
24
27
35
33
34
33
30
25
31
29
22
16
21
29
31
30
26
16
17
22
10
14
20
27
20
18
13
22
31
31
34
34
32
27
28
19
19
20
5
-1
-5
-3
-4
-8
0
5
2
20
31
26
28
29
30
39
40
39
46
43
48
47
39
34
41
48
42
34
31
27
24
13
1
-15
-19
-20
-20
-35
-46
-47
-45
-40
-41
-43
-42
-41
-44
-30
-25
-16
-2
8
17
27
35
33
42
57
68
78
92
100
96
96
103
106
102
90
79
83
75
72
47
24
15
7
-8
-19
-35
-56
-54
-55
-70
-73
-76
-68
-59
-51
-28
-26
-22
-8
-8
5
13
16
29
35
47
51
56
58
60
65
67
76
74
66
52
49
48
41
40
26
17
13
13
10
3
-11
-16
-6
0
2
-7
-11
-12
-6
-3
10
25
29
27
18
22
22
26
35
42
40
32
27
22
25
14
7
9
17
18
23
20
12
10
10
9
5
18
35
37
35
34
38
57
70
75
76
71
68
63
60
53
40
36
37
24
21
10
-11
-24
-25
-20
-22
-7
-7
-20
-27
-23
-10
2
0
2
15
19
22
32
40
38
61
72
85
106
105
102
101
102
95
96
92
82
65
49
45
28
23
15
8
-5
-19
-26
-36
-42
-48
-47
-55
-56
-45
-29
-30
-26
-22
-14
-2
5
18
21
37
45
58
72
76
81
80
81
77
81
87
84
67
56
51
53
44
22
2
-14
-18
-21
-38
-56
-59
-51
-47
-52
-62
-62
-62
-60
-50
-48
-35
-12
-5
-4
1
9
15
28
38
45
60
74
74
68
64
65
66
66
57
54
53
49
36
29
39
37
20
0
-15
-26
-28
-35
-43
-56
-56
-44
-60
-65
-61
-57
-48
-38
-32
-36
-19
-8
6
23
22
21
29
49
64
76
83
85
96
108
112
106
105
102
101
102
95
83
69
56
37
23
24
14
-1
-27
-35
-30
-35
-33
-52
-69
-83
-82
-71
-76
-71
-66
-63
-52
-32
-30
-18
-10
-5
19
36
60
74
79
86
97
107
110
116
117
114
107
112
116
103
79
67
56
38
32
17
0
-5
-4
-20
-31
-42
-45
-47
-63
-70
-80
-85
-70
-67
-67
-59
-51
-43
-44
-37
-27
-17
-10
5
16
14
19
26
41
52
55
61
59
64
63
63
74
69
55
48
43
40
42
30
24
4
2
5
-2
-8
-21
-28
-35
-38
-36
-28
-29
-44
-56
-53
-46
-47
-41
-31
-25
-27
-36
-21
-3
9
9
21
28
34
44
55
56
67
71
74
83
72
67
53
49
48
47
46
38
33
19
2
-11
-12
-9
-8
-24
-29
-33
-51
-56
-53
-50
-59
-52
-50
-39
-36
-26
-17
-12
1
10
17
31
54
54
55
63
63
67
74
70
73
72
66
67
55
57
41
31
21
0
-14
-7
-13
-36
-54
-80
-85
-94
-97
-103
-106
-100
-99
-99
-95
-88
-81
-69
-60
-48
-46
-28
-5
11
35
50
58
67
77
85
94
101
95
90
91
94
82
67
54
45
35
12
9
14
-13
-31
-41
-53
-64
-77
-81
-91
-98
-97
-96
-82
-81
-72
-73
-73
-60
-49
-40
-33
-23
-9
6
15
26
34
42
44
50
52
48
54
58
60
57
63
58
41
34
21
13
-2
-23
-22
-25
-33
-44
-56
-62
-64
-70
-80
-81
-76
-65
-64
-64
-75
-66
-49
-43
-46
-41
-21
-11
2
8
25
34
41
51
61
69
77
79
70
59
54
48
60
55
33
13
10
6
-4
-6
-26
-36
-45
-60
-73
-80
-93
-87
-89
-99
-111
-120
-113
-109
-103
-113
-111
-85
-65
-63
-59
-54
-30
-15
-8
-2
4
21
28
30
36
43
67
81
70
66
63
68
69
59
56
50
30
7
-8
-22
-36
-46
-62
-68
-84
-95
-97
-109
-102
-104
-104
-109
-117
-111
-106
-97
-92
-81
-72
-70
-61
-43
-30
-18
-20
-13
5
21
10
13
17
19
37
33
36
28
26
20
10
11
7
4
-3
-23
-34
-40
-43
-49
-62
-73
-81
-80
-85
-97
-100
-107
-105
-94
-90
-76
-65
-56
-50
-37
-32
-19
0
12
22
33
38
37
50
65
72
71
66
64
62
51
45
37
33
21
12
1
-16
-31
-50
-62
-71
-80
-93
-91
-97
-93
-105
-107
-106
-99
-94
-94
-81
-75
-73
-64
-49
-45
-32
-18
-10
-8
1
12
27
44
50
56
50
56
57
60
66
52
35
26
14
4
-2
-15
-45
-65
-80
-88
-95
-110
-113
-123
-145
-153
-154
-163
-155
-154
-156
-144
-128
-118
-108
-82
-73
-62
-38
-22
-9
3
21
25
38
50
58
69
73
69
62
57
47
47
42
38
26
10
-4
-26
-37
-51
-71
-84
-98
-104
-102
-109
-122
-127
-130
-123
-112
-98
-101
-102
-86
-86
-70
-65
-63
-51
-38
-22
-8
6
16
23
26
33
29
35
28
37
22
16
25
15
11
0
-13
-17
-16
-22
-19
-24
-36
-34
-45
-58
-55
-50
-60
-64
-64
-61
-61
-64
-55
-61
-70
-56
-46
-39
-34
-41
-35
-32
-23
-19
-13
-6
-8
-4
6
8
12
11
8
4
-5
-11
-5
-5
-11
-14
-22
-27
-22
-31
-40
-49
-68
-60
-59
-64
-72
-79
-84
-84
-82
-84
-98
-98
-89
-76
-68
-73
-69
-62
-45
-37
-33
-38
-34
-26
-5
3
4
11
14
18
23
25
28
25
27
24
19
21
18
13
-4
-8
-16
-29
-32
-43
-48
-55
-58
-72
-76
-79
-88
-89
-98
-94
-87
-83
-81
-73
-67
-55
-55
-56
-43
-30
-23
-19
-7
5
18
22
24
27
29
41
44
46
48
42
41
40
36
26
12
1
-9
-22
-30
-45
-55
-63
-76
-89
-94
-89
-94
-88
-87
-91
-90
-76
-74
-71
-63
-56
-40
-24
-10
-10
1
24
38
53
58
63
78
84
76
69
71
59
47
44
41
27
3
-3
-2
-11
-17
-29
-54
-58
-71
-72
-78
-90
-86
-97
-97
-86
-86
-92
-85
-74
-67
-58
-46
-34
-19
0
1
17
36
44
61
63
65
77
81
88
92
86
88
75
59
54
50
38
31
34
18
5
-5
-18
-28
-41
-48
-56
-60
-72
-81
-86
-98
-92
-84
-74
-67
-58
-59
-54
-44
-39
-30
-27
-17
-14
-4
13
24
27
34
36
42
51
49
45
50
39
30
34
35
33
18
10
7
3
-8
-24
-26
-32
-36
-45
-55
-53
-60
-56
-62
-70
-69
-57
-44
-41
-42
-36
-28
-31
-24
-5
13
30
31
33
48
61
68
81
81
78
76
73
77
76
62
61
58
49
51
45
31
20
8
7
-5
-22
-30
-36
-36
-47
-57
-71
-64
-56
-54
-52
-45
-39
-34
-29
-22
-14
-6
5
14
26
42
52
63
72
88
93
102
105
103
112
112
114
100
97
99
84
80
68
56
45
39
25
20
8
4
5
-4
-17
-33
-38
-23
-23
-29
-33
-43
-44
-38
-30
-31
-20
-20
-16
-12
-3
7
15
19
26
43
59
68
66
70
69
68
72
68
66
73
81
80
81
73
64
60
59
61
44
38
29
23
17
11
16
0
-22
-21
-17
-18
-16
-15
-11
-9
1
8
14
17
20
35
39
35
35
49
55
63
67
68
78
76
80
76
80
79
73
62
53
52
48
52
42
32
28
19
12
7
-9
-11
-8
-14
-11
-10
-10
-8
-14
-5
8
11
17
28
46
56
53
51
54
69
86
87
95
95
92
87
97
104
102
97
84
83
77
71
70
64
49
41
44
49
38
28
23
14
12
12
9
8
4
1
5
12
17
8
14
16
22
36
39
50
59
66
78
84
90
97
93
104
102
101
102
101
101
92
89
85
74
69
60
43
38
36
28
34
24
17
16
8
5
1
2
2
2
3
14
27
34
36
37
40
50
62
71
70
78
90
96
106
111
106
115
111
114
112
106
102
97
99
89
87
82
78
77
71
59
53
52
50
47
39
32
29
31
24
9
9
3
10
7
8
15
21
37
50
47
54
62
69
76
93
93
100
109
111
124
123
128
129
135
132
129
124
118
121
116
117
110
103
86
82
72
57
51
42
37
25
13
5
3
13
16
11
14
17
13
15
22
22
33
35
45
58
73
85
89
91
92
111
122
120
129
130
129
123
116
119
113
100
93
84
64
57
47
39
41
36
30
7
-7
-7
-5
-4
-13
-16
-10
-6
6
11
8
17
25
35
47
45
60
72
81
82
82
87
89
101
106
114
117
109
105
115
117
112
95
89
90
93
90
77
66
55
52
47
47
47
42
30
28
25
34
38
37
33
29
36
34
44
53
57
61
53
63
73
74
67
74
68
66
78
83
84
78
74
71
69
68
68
57
58
55
52
52
56
58
53
48
43
34
32
38
34
43
47
43
44
39
37
37
34
33
38
45
51
60
57
54
50
45
44
46
49
51
51
37
43
47
42
35
32
34
35
41
34
20
18
22
22
23
23
25
15
14
22
21
19
19
26
30
31
25
18
17
29
45
35
29
32
48
56
59
51
41
54
60
70
64
65
66
79
87
83
75
66
72
69
62
58
55
57
48
39
40
40
37
40
34
29
20
21
15
13
18
13
20
21
29
17
8
10
15
13
19
18
15
13
18
18
14
23
23
26
31
32
30
22
33
31
33
47
49
45
35
31
40
40
35
35
28
26
27
31
19
19
24
19
11
0
-6
-17
-16
-7
-8
-19
-27
-22
-14
-14
-23
-27
-23
-17
-17
-15
-7
6
17
18
21
31
33
31
37
41
41
40
40
47
41
37
38
32
36
38
21
13
13
18
15
4
0
-14
-19
-12
-3
-8
-20
-21
-4
0
-3
-2
-5
9
9
5
11
13
7
10
17
25
29
26
22
26
26
37
40
38
26
11
15
21
27
14
0
-7
-11
-9
-2
-2
-17
-28
-22
-15
-24
-26
-23
-28
-21
-16
-16
-15
-24
-12
-7
-11
-20
-6
2
1
-4
0
12
13
3
5
11
22
25
8
1
-7
-8
-1
-2
-15
-27
-32
-24
-19
-16
-23
-34
-31
-33
-34
-35
-42
-49
-41
-37
-44
-50
-56
-55
-43
-33
-28
-23
-23
-16
-10
-20
-21
-16
-9
-5
-8
-15
-16
-20
-23
-19
-18
-13
-19
-19
-16
-15
-13
-15
-21
-24
-23
-29
-36
-44
-49
-42
-39
-45
-44
-47
-42
-41
-50
-36
-31
-28
-32
-32
-24
-21
-26
-26
-20
-20
-16
-23
-27
-35
-27
-33
-37
-44
-39
-38
-36
-30
-41
-38
-38
-47
-45
-44
-40
-40
-45
-50
-45
-45
-51
-49
-47
-56
-51
-43
-45
-58
-66
-59
-56
-56
-49
-45
-48
-58
-43
-39
-43
-49
-54
-47
-43
-34
-45
-43
-48
-40
-31
-33
-39
-45
-38
-46
-51
-54
-55
-62
-62
-62
-56
-69
-78
-80
-84
-87
-86
-83
-85
-87
-91
-78
-77
-83
-82
-73
-69
-70
-59
-58
-65
-65
-63
-66
-59
-57
-57
-60
-60
-59
-51
-47
-44
-46
-44
-51
-51
-45
-46
-52
-57
-56
-52
-43
-61
-82
-88
-86
-87
-83
-97
-104
-108
-117
-105
-103
-108
-124
-131
-127
-118
-104
-103
-105
-103
-95
-88
-84
-83
-77
-76
-77
-73
-69
-74
-82
-74
-71
-73
-80
-83
-82
-76
-73
-79
-87
-90
-75
-62
-75
-86
-94
-97
-88
-82
-84
-104
-109
-102
-97
-100
-110
-101
-102
-102
-100
-101
-91
-92
-95
-88
-81
-79
-84
-76
-73
-75
-68
-66
-64
-73
-80
-75
-72
-78
-78
-82
-77
-75
-81
-83
-88
-88
-86
-87
-98
-93
-87
-84
-90
-101
-100
-94
-83
-80
-83
-84
-91
-83
-80
-89
-101
-98
-96
-98
-101
-103
-108
-115
-112
-101
-91
-83
-91
-86
-89
-88
-80
-85
-84
-85
-84
-92
-95
-92
-99
-91
-97
-97
-94
-91
-81
-78
-92
-94
-87
-84
-82
-87
-88
-91
-87
-89
-90
-93
-108
-116
-109
-97
-97
-106
-117
-123
-118
-113
-107
-105
-111
-108
-109
-123
-125
-119
-108
-111
-107
-108
-106
-97
-95
-93
-91
-92
-83
-79
-80
-76
-75
-74
-76
-79
-72
-72
-70
-72
-83
-83
-70
-82
-95
-110
-107
-95
-97
-106
-112
-109
-110
-106
-102
-110
-122
-135
-125
-116
-122
-125
-117
-106
-98
-100
-106
-108
-100
-90
-83
-88
-87
-84
-74
-65
-80
-79
-73
-63
-60
-61
-64
-72
-73
-68
-51
-55
-59
-67
-70
-59
-53
-48
-55
-66
-67
-67
-61
-57
-71
-83
-76
-71
-77
-79
-88
-85
-85
-76
-78
-77
-81
-80
-90
-89
-79
-79
-81
-79
-83
-87
-76
-76
-76
-81
-72
-66
-68
-69
-69
-63
-69
-60
-58
-59
-50
-49
-41
-50
-45
-47
-46
-39
-46
-54
-57
-48
-46
-57
-62
-66
-65
-68
-73
-74
-75
-80
-79
-84
-78
-66
-69
-76
-84
-85
-79
-71
-72
-68
-67
-64
-69
-61
-60
-62
-59
-50
-42
-49
-42
-47
-54
-49
-47
-52
-53
-55
-51
-42
-56
-53
-62
-58
-52
-47
-46
-49
-51
-49
-45
-52
-48
-50
-60
-64
-58
-52
-50
-50
-46
-56
-52
-50
-48
-49
-44
-43
-32
-31
-35
-34
-35
-28
-31
-31
-32
-34
-37
-39
-40
-29
-29
-33
-31
-35
-31
-21
-26
-35
-40
-30
-26
-27
-26
-28
-18
-16
-17
-19
-15
-10
-16
-24
-30
-35
-22
-23
-24
-33
-37
-35
-30
-19
-16
-16
-31
-32
-22
-19
-13
-11
-24
-36
-38
-32
-24
-22
-23
-25
-18
-13
-14
-14
-9
-8
-14
-4
-3
-5
-1
1
-4
-7
-6
2
4
1
6
3
6
4
7
3
7
6
8
11
6
-3
-11
-8
-4
-6
-9
-15
-17
-24
-28
-18
-19
-17
-15
-11
-21
-13
-9
-2
-11
-11
-4
1
11
11
20
22
25
18
20
29
32
34
37
40
32
23
31
42
41
27
16
28
30
46
44
18
0
5
16
13
10
6
-6
-12
-3
-6
-3
-5
-5
-2
4
1
3
7
5
13
5
8
11
20
20
23
26
30
45
45
42
43
51
57
66
68
61
74
73
67
62
58
54
51
49
42
34
30
36
29
21
14
8
27
37
22
1
-6
12
22
22
13
5
7
9
21
21
17
26
31
44
53
58
59
55
57
58
55
57
68
76
69
74
80
81
75
77
74
69
65
73
75
65
53
44
52
54
51
45
36
34
43
43
42
39
36
39
35
45
53
54
47
51
55
53
55
58
71
75
72
68
64
69
79
81
81
70
67
71
80
69
66
71
69
75
79
72
62
57
60
73
77
71
54
62
65
66
68
67
54
45
64
66
69
52
47
63
67
68
74
79
73
75
74
77
83
85
76
75
74
66
81
89
100
91
83
79
85
102
106
100
79
80
85
101
100
79
67
67
73
87
73
59
56
61
73
75
62
57
59
63
71
77
76
73
69
78
83
69
64
71
90
98
87
76
79
89
97
91
88
81
86
99
106
98
87
79
77
90
88
88
91
90
91
82
75
79
87
90
76
57
54
68
83
83
71
59
70
92
97
89
74
59
71
85
87
82
67
51
54
68
72
79
67
68
74
83
87
81
76
84
83
85
80
83
82
74
72
85
98
100
87
72
77
85
101
108
99
86
87
93
102
104
84
73
79
88
100
97
76
62
72
92
95
82
67
59
58
71
70
66
54
55
66
67
64
63
56
55
58
64
68
57
46
52
63
67
75
76
74
80
76
88
89
82
84
91
93
93
92
88
89
88
91
100
99
90
81
71
74
83
82
76
68
62
67
74
81
64
65
62
62
70
66
67
60
61
72
84
81
74
66
61
66
68
77
76
63
56
55
62
69
72
71
58
58
72
83
79
72
69
60
75
82
80
72
61
58
58
62
63
49
50
50
59
63
57
60
58
66
70
74
74
60
45
37
59
81
76
62
47
44
62
68
65
57
48
57
62
64
53
44
37
45
60
62
51
35
38
47
58
59
43
31
29
30
35
28
23
18
25
35
30
27
36
45
39
45
53
48
34
29
41
37
36
28
26
29
10
19
31
35
33
36
39
43
47
47
49
44
46
46
44
46
42
44
38
42
33
27
33
29
26
21
33
46
50
36
33
41
46
46
38
33
22
18
31
29
20
-1
-2
3
18
31
7
-19
-14
-2
15
14
-2
-2
-5
4
6
11
11
12
16
23
30
26
24
20
20
14
20
16
12
15
14
17
11
16
32
33
27
25
32
37
41
40
26
26
21
13
20
17
12
3
5
2
-5
-10
-13
-8
-8
-12
-9
-9
-12
-1
1
4
0
-6
-5
-12
-18
-23
-19
-20
-18
-22
-19
-3
-12
-5
-1
-8
-9
-7
5
1
-4
-1
-4
2
-2
-9
-8
-4
0
-5
-14
-21
-20
-19
-17
-15
-17
-22
-25
-33
-29
-25
-26
-20
-25
-18
-15
-23
-27
-31
-33
-34
-39
-41
-48
-49
-50
-40
-35
-39
-43
-46
-44
-32
-16
-17
-19
-28
-31
-18
-14
-8
-9
-16
-24
-26
-17
-12
-18
-25
-14
-1
4
-2
-19
-21
-10
3
-12
-22
-17
-14
-13
-10
-20
-34
-37
-34
-28
-35
-40
-46
-50
-50
-52
-48
-45
-46
-48
-45
-44
-48
-48
-43
-33
-30
-30
-43
-49
-44
-33
-35
-55
-58
-63
-53
-43
-46
-55
-58
-55
-51
-41
-35
-31
-40
-36
-23
-16
-19
-23
-20
-23
-31
-53
-58
-51
-53
-46
-55
-63
-66
-58
-44
-38
-39
-34
-37
-43
-50
-50
-52
-59
-61
-57
-60
-80
-84
-94
-86
-70
-60
-64
-74
-82
-71
-52
-38
-42
-45
-45
-46
-46
-46
-50
-46
-41
-49
-51
-48
-40
-42
-45
-51
-49
-43
-49
-49
-57
-60
-50
-49
-47
-55
-64
-55
-63
-69
-75
-79
-75
-72
-68
-76
-83
-87
-88
-82
-70
-69
-68
-69
-68
-57
-49
-41
-53
-45
-48
-38
-33
-40
-39
-47
-34
-34
-47
-58
-59
-49
-42
-43
-47
-46
-40
-50
-50
-47
-41
-31
-45
-56
-63
-59
-59
-65
-68
-75
-85
-88
-84
-80
-90
-104
-114
-105
-86
-72
-62
-64
-66
-56
-45
-42
-45
-50
-48
-34
-32
-29
-21
-26
-34
-32
-29
-12
-23
-30
-39
-52
-46
-49
-40
-42
-33
-38
-38
-54
-66
-62
-60
-68
-68
-66
-70
-73
-82
-83
-76
-81
-93
-92
-90
-81
-75
-75
-85
-79
-74
-60
-44
-45
-32
-35
-34
-37
-28
-22
-26
-29
-32
-29
-28
-30
-41
-49
-46
-40
-36
-32
-41
-47
-61
-60
-53
-49
-48
-46
-57
-52
-50
-50
-49
-51
-52
-62
-67
-69
-59
-64
-67
-84
-84
-71
-57
-54
-63
-70
-60
-52
-48
-45
-53
-53
-53
-41
-31
-31
-35
-46
-39
-24
-24
-28
-41
-49
-41
-29
-33
-36
-39
-37
-33
-20
-21
-36
-36
-28
-17
-13
-23
-44
-59
-53
-43
-42
-53
-60
-59
-64
-60
-46
-59
-70
-73
-75
-62
-57
-48
-52
-62
-60
-55
-43
-50
-50
-44
-37
-34
-29
-30
-32
-26
-22
-26
-23
-18
-16
-15
-22
-30
-27
-22
-18
-15
-24
-20
-26
-16
-14
-21
-29
-34
-25
-12
-26
-42
-42
-44
-29
-24
-35
-40
-36
-26
-24
-31
-39
-44
-35
-30
-36
-37
-47
-41
-39
-38
-38
-45
-42
-42
-31
-27
-32
-35
-40
-30
-17
-8
-7
-15
-15
-16
-9
1
6
2
-1
0
-1
3
6
3
-2
-5
-7
-12
-12
1
-6
-14
-18
-16
-10
-7
-12
-19
-23
-20
-28
-23
-26
-40
-42
-37
-30
-41
-55
-51
-42
-45
-55
-60
-52
-33
-25
-32
-25
-28
-15
-1
-2
-6
0
22
32
30
21
22
29
42
38
30
23
23
38
39
50
37
23
23
16
12
14
11
5
-4
-14
-19
-18
-18
-36
-43
-41
-44
-54
-61
-54
-45
-46
-46
-51
-35
-20
-3
5
-2
-1
9
7
8
8
29
42
37
41
39
32
32
36
29
26
30
38
48
50
44
32
19
16
23
38
30
10
-2
12
4
0
-6
-9
0
3
3
-2
-12
-7
0
4
3
-3
-4
0
-2
4
19
10
18
21
13
18
14
6
5
12
39
44
30
28
37
46
45
38
40
35
32
40
34
24
33
27
15
11
11
19
12
13
9
-6
-4
1
6
8
-1
3
7
15
26
32
27
23
20
20
30
36
38
41
44
39
44
38
42
54
54
56
49
50
44
42
39
45
55
52
49
50
49
44
36
32
36
32
23
27
31
10
3
5
10
15
25
31
24
27
30
31
31
46
60
59
57
50
54
57
53
38
36
30
33
42
45
48
54
48
51
63
61
59
54
64
63
64
73
75
71
62
52
51
40
30
33
35
32
33
36
33
40
44
42
50
49
41
44
44
39
53
56
52
36
34
35
44
44
35
20
20
39
40
41
38
33
37
39
50
59
47
50
55
53
57
59
53
54
46
46
45
35
37
49
57
64
64
56
60
65
70
67
59
52
63
76
74
72
67
66
59
51
46
52
48
46
58
50
45
53
71
75
68
56
43
46
55
49
47
43
40
44
51
59
52
57
62
64
59
56
49
46
39
38
36
34
50
67
73
72
66
65
77
84
80
82
77
82
88
78
57
40
42
53
57
42
44
50
61
54
44
47
54
55
62
62
51
38
34
25
19
19
32
30
22
31
41
44
40
41
44
51
55
68
70
62
61
59
65
65
56
55
51
61
72
68
64
71
78
73
72
69
70
70
53
60
45
39
46
44
43
32
48
39
24
25
32
38
42
46
32
23
19
30
32
23
21
29
46
57
58
56
70
69
61
62
67
76
72
53
56
61
57
49
43
39
43
49
45
42
46
60
64
71
68
59
65
64
62
46
32
39
50
53
44
21
15
32
38
45
40
38
39
27
28
36
34
30
30
46
54
45
37
43
40
47
38
37
34
35
38
42
50
33
32
34
40
34
33
28
26
34
48
63
61
60
61
72
69
63
52
49
51
54
39
26
30
35
34
35
27
29
33
29
35
39
39
35
43
37
42
29
27
33
31
28
24
24
15
15
0
11
16
13
15
18
13
17
18
16
13
6
8
7
16
21
23
24
22
24
26
23
32
37
41
41
35
29
32
37
32
21
18
11
8
10
8
6
6
21
29
32
32
26
19
22
33
31
22
15
10
12
13
17
15
7
3
13
3
-6
-1
-1
-2
2
10
11
23
20
8
10
20
29
24
13
4
8
12
21
18
12
17
35
35
14
3
-4
-2
-1
-14
-21
-19
-7
0
6
6
-4
-5
-3
3
-3
-1
9
-2
-3
-6
-3
-5
-19
-25
-27
-17
-19
-17
-1
7
4
5
-1
9
10
12
9
12
8
9
12
5
-7
-22
-28
-17
-11
-10
-12
-11
-5
8
11
-2
-1
5
5
-12
-18
-17
-12
-12
-28
-21
-20
-19
-12
-19
-23
-21
-16
-12
-18
-18
-18
-17
-18
-29
-33
-31
-26
-20
-11
-6
3
1
-2
2
-5
-14
-8
-4
0
-6
-11
-21
-25
-27
-27
-14
-16
-14
-16
-16
-12
-4
0
1
1
-5
5
-6
-8
-18
-24
-27
-38
-36
-29
-39
-44
-51
-50
-51
-52
-52
-54
-56
-41
-42
-48
-55
-55
-47
-46
-39
-40
-26
-20
-27
-48
-44
-41
-28
-26
-34
-31
-24
-8
-5
-16
-19
-16
-23
-17
-7
-7
-13
-12
-16
-10
-15
-20
-13
-13
-22
-40
-55
-54
-42
-44
-44
-49
-52
-51
-57
-60
-66
-55
-49
-57
-55
-52
-36
-31
-40
-54
-61
-42
-24
-26
-33
-33
-40
-44
-47
-51
-46
-33
-40
-49
-51
-52
-44
-38
-33
-28
-41
-54
-50
-45
-43
-39
-43
-54
-64
-68
-65
-63
-77
-80
-84
-83
-86
-84
-91
-91
-74
-71
-68
-60
-65
-74
-61
-59
-56
-49
-49
-60
-64
-53
-40
-30
-37
-40
-46
-46
-55
-55
-42
-46
-43
-55
-56
-56
-49
-42
-30
-34
-38
-45
-50
-47
-45
-47
-53
-69
-74
-70
-66
-66
-70
-78
-80
-68
-56
-48
-58
-65
-67
-68
-61
-58
-70
-67
-64
-57
-59
-61
-65
-65
-51
-45
-32
-37
-41
-32
-22
-27
-42
-43
-44
-28
-32
-24
-32
-37
-32
-33
-26
-35
-45
-42
-32
-35
-41
-59
-76
-79
-80
-78
-79
-78
-72
-64
-52
-42
-40
-37
-34
-25
-22
-33
-38
-45
-43
-41
-49
-67
-65
-63
-57
-63
-63
-48
-46
-55
-52
-37
-37
-34
-48
-47
-41
-47
-58
-65
-69
-76
-72
-71
-76
-75
-76
-77
-71
-61
-54
-47
-45
-55
-58
-57
-49
-48
-54
-60
-54
-48
-40
-40
-45
-49
-51
-43
-47
-46
-52
-67
-68
-70
-66
-66
-62
-58
-53
-57
-62
-49
-42
-44
-36
-28
-36
-38
-40
-34
-28
-38
-47
-49
-50
-57
-55
-52
-45
-39
-40
-34
-33
-37
-37
-31
-34
-36
-48
-49
-52
-44
-46
-66
-79
-72
-71
-70
-63
-75
-77
-80
-66
-65
-59
-63
-64
-64
-65
-63
-63
-63
-56
-40
-36
-37
-44
-35
-20
-15
-8
-12
-27
-21
-32
-26
-22
-27
-30
-26
-17
-21
-14
-15
-30
-33
-42
-41
-28
-27
-30
-24
-33
-51
-60
-58
-52
-50
-51
-42
-48
-54
-44
-47
-44
-41
-43
-43
-46
-53
-55
-42
-36
-39
-40
-39
-25
