SAMPLES:	27696
BITSPERSAMPLE:	16
CHANNELS:	1
SAMPLERATE:	16000
NORMALIZED:	FALSE
4
10
6
18
15
15
16
12
20
23
19
12
10
13
13
15
16
18
19
14
12
12
12
10
8
3
5
3
5
5
3
8
12
10
14
6
8
7
9
11
7
9
9
10
15
12
11
19
15
19
15
11
10
11
18
21
24
27
24
24
21
18
15
16
18
16
15
14
18
16
14
14
8
12
10
13
12
12
15
13
12
9
10
10
7
6
6
4
5
12
8
3
8
2
0
-2
-2
-5
-6
-5
-1
-1
-2
6
4
0
2
4
-1
-4
0
-5
3
6
8
7
12
16
10
11
16
19
20
19
15
12
14
10
6
7
3
9
10
11
13
13
12
12
16
14
15
18
20
14
18
16
13
13
14
4
0
-2
-1
3
5
3
1
1
8
9
5
9
17
20
19
17
14
19
23
22
22
16
16
14
12
12
6
10
14
17
17
12
8
10
10
16
19
12
15
13
7
7
13
6
7
8
10
13
12
7
10
9
5
11
14
21
20
21
21
16
13
13
12
9
8
14
17
11
9
10
8
2
8
6
7
7
5
0
5
0
-3
6
5
9
5
5
2
7
10
8
6
4
2
0
3
2
8
6
1
5
4
2
14
11
9
11
6
5
4
3
4
10
7
6
-1
5
7
0
3
2
-6
-6
-3
-13
-12
-6
0
-3
-2
5
5
2
1
6
8
13
11
6
8
15
14
17
16
13
9
9
14
10
6
8
12
9
4
7
2
8
13
13
15
14
17
19
21
16
17
10
11
15
15
10
19
22
19
15
14
23
18
20
18
8
9
9
9
11
11
15
8
15
11
8
12
11
9
7
4
-3
3
6
6
5
10
8
7
15
16
10
0
2
3
-2
5
9
6
-2
-2
0
1
2
-1
0
-2
-5
-7
-10
-4
-4
-4
-3
-3
-6
-6
0
-4
-2
-2
-8
-6
-9
-7
-4
-2
5
2
7
9
11
12
1
3
3
-4
-4
-10
-1
4
2
2
13
7
1
8
13
12
14
9
12
11
4
10
4
3
4
4
-2
-5
-2
1
-1
-3
-4
-1
5
-1
5
0
0
4
-1
-3
-3
-7
-7
-3
-2
-4
-6
4
7
10
8
10
6
6
4
-3
1
-6
-2
4
4
4
4
-2
-6
-5
-5
-3
-6
-7
-2
-8
-3
0
-8
-3
1
-2
-1
-3
1
3
10
10
6
15
11
14
16
14
13
16
14
13
14
10
12
13
10
12
4
4
3
7
6
1
4
6
4
7
6
10
14
15
12
10
13
9
10
2
9
5
2
3
4
4
3
5
4
2
7
9
7
3
-5
0
1
-3
0
4
5
6
3
3
2
-5
-1
-3
-2
0
0
-5
-1
4
4
11
8
15
13
23
10
8
11
10
12
14
19
12
18
8
7
6
1
-1
-5
-2
-7
1
-1
1
-1
-1
4
-5
-5
-3
2
3
1
2
1
-2
-5
-8
-7
-14
-16
-17
-18
-17
-13
-13
-13
-12
-12
-10
-13
-11
-14
-13
-10
-14
-15
-13
-15
-17
-19
-16
-16
-10
-5
-10
-9
-9
-11
-14
-21
-16
-13
-11
-12
-15
-10
-10
-7
-5
-8
-3
-11
-8
-8
-8
-6
-10
-7
-7
-6
-4
5
1
-1
-2
-5
-8
-1
3
-3
-1
-7
-6
-3
-5
0
-2
0
-2
-1
0
-2
3
-3
-2
6
1
2
6
4
6
6
5
7
9
10
8
3
3
-3
4
-3
0
5
8
11
9
9
13
9
4
8
-1
2
8
3
-1
8
10
9
13
16
10
7
10
10
10
7
4
5
5
8
11
8
6
2
4
3
3
6
1
-1
0
1
-7
-3
-6
-6
-8
-9
-4
1
4
1
-2
-1
-1
-1
2
0
-2
-4
-3
-2
-1
-3
-2
-6
-4
-4
1
4
-1
-1
-4
1
0
0
1
-3
-4
-3
-4
-2
-1
-1
-5
-3
-3
-5
0
-7
-6
-7
-10
0
1
4
-2
1
4
6
2
-1
3
0
1
-1
-2
-2
0
2
-2
1
0
-1
2
1
1
6
7
1
0
3
8
5
5
11
11
6
9
6
4
6
6
11
6
9
12
8
10
11
12
8
10
3
6
8
6
2
3
5
7
2
-1
4
10
13
18
19
20
15
4
6
6
3
1
3
-1
-7
-7
-1
4
4
7
3
4
6
4
-2
-2
-7
0
1
-2
7
5
9
8
3
1
-2
7
11
2
3
6
5
5
11
12
10
17
11
16
17
12
15
10
12
6
5
7
7
6
-1
0
1
3
3
8
6
3
2
9
4
10
3
4
7
5
4
6
9
2
0
4
0
2
6
7
9
8
8
9
11
10
9
11
11
15
21
15
11
13
12
10
16
19
16
12
18
23
19
20
18
18
22
19
19
21
23
25
42
68
82
88
70
46
42
35
43
56
58
47
32
18
5
4
15
26
33
28
21
16
0
7
7
17
20
19
18
16
15
11
22
23
23
13
8
7
6
7
11
15
15
25
20
19
15
12
12
21
24
24
20
18
20
16
20
20
27
31
26
21
13
14
16
21
17
14
14
9
3
1
1
4
14
21
16
7
3
2
-1
2
1
0
0
-2
-3
3
7
13
19
17
15
15
12
5
5
10
7
3
1
0
0
-6
4
-1
2
5
3
0
-5
2
-1
-3
-1
3
6
5
5
7
5
10
0
3
6
3
7
-2
0
-6
-5
-3
-8
-6
-9
-9
-13
-12
-10
-11
-12
-15
-7
-3
-1
-2
0
-3
3
2
-3
3
-4
-5
-3
-7
-7
-9
-7
-1
-5
-8
-11
-11
-17
-7
-15
-17
-14
-16
-15
-12
-10
-13
-7
-5
-8
3
3
-4
-1
0
4
9
8
3
-2
2
-3
-10
-5
0
2
7
8
4
-1
-6
-6
-14
-6
-2
-9
-7
-9
-5
-3
5
2
-1
7
5
5
5
6
7
10
8
6
9
7
9
9
14
19
21
17
15
12
8
10
12
11
18
20
12
7
2
7
8
8
12
15
17
23
19
19
19
21
26
25
21
19
20
13
12
11
11
14
13
13
14
14
22
17
20
23
18
20
20
24
14
15
11
13
16
10
10
11
12
13
3
7
11
5
3
2
-1
2
5
-1
0
0
-2
-4
-5
-4
-1
2
0
3
-2
-8
-10
-13
-13
-3
0
-3
-3
-7
-1
2
-1
1
5
0
-4
-8
-6
-8
-8
-1
2
-1
-6
-12
-13
-7
-6
-4
-5
-9
-8
-14
-12
-7
-14
-12
-14
-12
-17
-24
-19
-17
-16
-13
-12
-11
-15
-13
-16
-13
-5
-3
-1
0
-6
-5
-9
-13
-11
-7
-4
-6
-4
-4
-7
5
2
1
9
7
1
3
0
0
-3
-1
-1
-1
-3
-8
-3
-4
-7
-7
-3
-2
-7
4
-3
-3
-4
-3
0
-5
-1
0
0
-8
-6
-12
-18
-16
-15
-14
-13
-15
-16
-19
-15
-10
-7
-8
-3
-3
-3
-3
-5
-9
-9
-9
-12
-16
-20
-24
-27
-20
-18
-19
-18
-19
-16
-18
-20
-14
-12
-8
-11
-10
-7
-5
-8
-8
-3
-8
-6
-10
-13
-6
-6
5
3
1
3
-1
-2
-8
-6
-7
-9
-10
-13
-7
0
2
1
-3
-3
-2
-2
-3
-7
-14
-15
-13
-8
-12
-10
-6
-14
-10
-9
-10
-12
-8
-3
-1
-1
-9
-6
-10
-13
-15
-12
-12
-16
-8
-11
-9
-6
-6
-9
-4
-2
-2
-5
-7
-9
-19
-14
-14
-14
-19
-12
-17
-19
-13
-16
-14
-13
-12
-10
-5
-9
-13
-11
-10
-11
-11
-11
-13
-12
-8
-15
-9
-9
-4
-7
-9
-10
-17
-14
-11
-13
-13
-10
-13
-13
-17
-20
-27
-23
-20
-23
-19
-18
-17
-23
-22
-25
-25
-29
-33
-33
-35
-30
-31
-33
-28
-18
-12
-10
-12
-8
-8
-11
-10
-7
-9
-9
-2
-2
0
-14
-8
-8
-11
-7
-14
-15
-19
-17
-18
-19
-15
-20
-20
-25
-28
-27
-25
-16
-18
-17
-11
-15
-13
-14
-10
-4
-7
-2
-8
-8
-9
-11
-8
-7
2
-4
0
4
5
6
1
-6
-4
-12
-14
-12
-11
-10
-10
-6
-6
-2
-5
-5
-10
-9
-15
-17
-12
-19
-19
-12
-13
-13
-11
-7
-1
0
2
6
7
6
1
0
4
4
6
6
4
5
9
3
3
-1
-10
-10
-8
0
-2
3
2
6
4
1
2
1
-2
-1
-3
-4
-1
-2
2
1
7
7
4
0
-2
3
2
8
9
4
0
-6
-5
-9
-7
-1
0
-4
-3
-2
3
7
5
8
7
0
-4
-8
-9
-8
-5
0
2
4
-1
3
2
0
7
4
-1
0
1
0
-1
0
4
6
10
15
16
20
20
16
15
13
13
13
13
10
16
6
3
2
8
14
12
11
7
10
3
0
0
-4
7
7
5
10
6
8
13
9
8
2
3
0
2
3
7
11
10
10
11
7
2
4
1
4
1
-2
-6
-8
-4
-9
-4
-3
-4
0
-2
-3
-3
-6
-2
-2
-1
-2
-5
4
-1
4
-1
-2
8
6
8
0
-3
3
2
0
0
6
9
9
6
12
12
5
11
-1
7
6
7
13
12
11
1
3
2
-4
0
5
8
4
8
11
9
15
17
14
12
6
11
6
9
15
22
20
26
22
18
19
18
19
16
14
14
20
17
16
14
10
19
18
16
29
25
18
19
23
20
23
24
21
28
24
26
27
22
20
20
19
26
26
25
27
28
30
31
28
30
25
24
26
21
23
23
21
20
24
22
21
21
17
16
17
21
16
14
14
13
14
8
11
10
11
9
9
12
3
2
0
-1
-2
1
0
4
4
5
0
0
5
9
9
10
8
13
14
4
11
19
17
20
14
24
18
11
7
5
10
7
7
2
6
3
7
7
8
12
8
5
-5
2
4
8
10
5
13
14
15
14
17
11
11
14
14
15
16
22
13
14
8
4
8
8
14
14
9
11
17
15
16
19
13
16
13
11
9
10
12
12
7
10
12
8
10
4
6
2
5
8
3
0
1
9
7
6
4
0
8
7
1
2
3
4
3
3
6
11
9
10
4
0
5
1
3
0
-5
-3
-3
0
-6
-5
2
-5
-3
0
-4
1
-1
-5
-4
-4
-2
1
5
9
11
10
13
10
10
12
10
8
13
17
21
20
14
13
14
8
10
13
12
10
9
6
7
9
5
9
1
2
0
-1
-1
3
0
1
5
-1
5
3
3
3
4
-1
-4
5
4
8
7
6
2
-3
-2
2
7
5
10
7
11
17
14
15
18
21
18
20
20
14
11
16
28
27
31
39
34
30
31
32
28
27
25
26
25
20
18
16
9
14
18
23
27
27
21
18
20
13
20
16
22
25
18
23
17
12
14
15
15
14
5
9
5
5
7
7
10
1
-2
3
6
4
7
8
11
13
12
9
5
9
11
5
12
16
8
7
10
0
2
5
0
8
7
2
-1
5
3
3
2
1
7
1
7
7
3
0
4
0
6
4
6
4
-3
-7
-10
0
0
3
2
2
0
0
8
4
2
10
-3
-1
1
-3
2
-2
2
3
-1
-1
2
-1
-8
-7
-11
-14
-18
-13
-20
-17
-16
-13
-9
-11
-3
-2
-6
-1
-7
-8
-4
-7
-2
-7
-6
-5
-5
5
2
6
9
7
6
-4
-4
-8
-10
-13
-10
-11
-11
-13
-10
-2
-6
-11
-8
0
-4
-4
-6
0
-5
-3
-7
-9
-6
-4
0
0
8
5
2
2
1
4
1
1
7
7
9
3
8
5
3
4
3
4
4
-4
-4
-6
-7
-8
-11
-7
-5
-8
-10
-2
-6
-6
-6
-12
-13
-7
-6
-8
-4
1
4
7
9
15
12
9
6
1
1
-5
-6
-4
0
6
10
6
7
10
9
1
-1
-3
0
7
2
7
6
2
4
-4
-4
-4
-5
-1
-3
-5
-2
5
7
10
5
2
10
1
2
2
4
10
4
8
3
0
3
1
1
-3
0
-4
-4
3
-4
-7
-6
-5
0
-10
-11
-11
-11
-3
-9
-7
-5
-13
-9
-12
-9
-4
-10
-7
-11
-22
-24
-22
-28
-23
-23
-16
-16
-16
-10
-12
-9
-16
-17
-16
-15
-16
-11
-12
-10
-7
-5
0
-3
-1
-10
-6
-12
-16
-19
-16
-8
-8
-7
-1
-4
-8
-1
3
-2
-4
-10
-6
-11
-13
-7
-16
-11
-19
-24
-28
-31
-22
-16
-17
-16
-20
-17
-14
-17
-23
-22
-22
-20
-12
-14
-6
-8
-12
-7
-7
-9
-8
-10
-16
-15
-15
-11
-15
-20
-20
-14
-9
-16
-11
-11
-10
-10
-18
-18
-19
-26
-25
-17
-20
-19
-19
-15
-14
-25
-18
-11
-17
-13
-13
-10
-8
-16
-15
-13
-15
-14
-15
-19
-14
-16
-11
-10
-10
-8
-6
-5
-6
-4
0
1
1
3
1
-2
-1
0
8
0
-10
-9
-6
-4
-11
-10
-1
-4
-8
-6
-8
-8
-13
-7
-4
-7
-6
-2
-2
-6
-4
-6
-5
-14
-17
-17
-18
-19
-18
-12
-10
-10
-8
-6
-6
-9
-11
-14
-15
-9
-7
-5
-5
-2
-6
-9
-2
-9
-9
-8
-10
-11
-14
-9
-16
-14
-10
-16
-12
-13
-19
-15
-9
-13
-15
-15
-13
-12
-10
-8
-12
-18
-15
-13
-10
-12
-8
-7
-3
-6
-5
0
2
-2
-3
2
-3
-4
-5
-1
-2
-7
-3
-4
-7
-5
-15
-16
-16
-17
-18
-12
-20
-17
-15
-16
-15
-12
-13
-17
-16
-16
-11
-15
-24
-25
-23
-22
-14
-11
-6
-6
-1
-8
-13
-16
-19
-17
-16
-16
-17
-17
-19
-18
-16
-15
-14
-19
-15
-22
-17
-19
-12
-7
-14
-11
-7
-4
-7
-4
-2
7
3
0
-2
-7
-7
-2
-6
-8
-14
-13
-17
-20
-22
-18
-13
-10
-12
-13
-9
-20
-19
-12
-15
-15
-13
-21
-16
-13
-10
-9
-10
-7
-13
-10
-15
-7
-9
-11
-8
-6
-4
-8
-6
-2
-11
-10
-12
-18
-9
-9
-4
0
-2
2
5
2
-2
2
-2
-1
2
1
-4
-10
-8
-7
-8
-15
-10
-12
-13
-16
-17
-23
-26
-17
-20
-13
-9
-7
-14
-17
-16
-14
-16
-10
-7
-11
-7
-4
-4
0
1
-1
-1
-6
-7
-8
-7
-13
-13
-8
-4
-6
-2
-2
-4
-4
-9
-5
-5
-5
-4
-1
-3
-3
-8
-8
-11
-11
-7
-6
-5
-4
-5
-5
-1
-2
-3
-9
-9
-4
-9
-5
-7
-5
-5
-11
-8
-9
-9
-9
-10
-9
-5
-10
-13
-11
-7
-3
0
1
-6
-3
-7
-15
-11
-16
-13
-17
-9
-5
-15
-2
-9
-13
-14
-18
-21
-22
-19
-21
-24
-29
-31
-34
-31
-30
-29
-19
-22
-21
-22
-17
-13
-16
-15
-25
-20
-20
-19
-17
-21
-20
-16
-15
-13
-8
-9
-14
-23
-17
-17
-16
-21
-26
-23
-25
-22
-18
-16
-18
-21
-21
-26
-29
-25
-21
-18
-14
-13
-17
-13
-14
-22
-21
-28
-26
-33
-29
-25
-19
-15
-17
-19
-21
-20
-25
-17
-20
-21
-22
-20
-21
-20
-18
-23
-18
-9
-12
-11
-16
-23
-16
-18
-14
-16
-13
-18
-17
-15
-20
-20
-21
-26
-32
-31
-25
-31
-23
-22
-24
-22
-26
-25
-26
-25
-23
-17
-17
-20
-18
-21
-23
-24
-19
-24
-22
-24
-28
-23
-22
-22
-20
-18
-23
-19
-15
-18
-18
-16
-16
-13
-7
-10
-11
-13
-17
-16
-14
-20
-10
-14
-13
-10
-16
-5
-7
-10
-15
-11
-7
-7
-9
-10
-5
-9
-10
-9
-13
-12
-14
-17
-22
-22
-24
-20
-18
-19
-19
-17
-11
-12
-14
-23
-23
-20
-26
-27
-30
-20
-21
-25
-24
-18
-20
-20
-17
-16
-14
-12
-10
-6
-13
-9
-10
-16
-22
-24
-19
-19
-28
-29
-28
-30
-21
-18
-18
-18
-17
-20
-20
-21
-15
-8
-6
0
-9
-9
-7
-5
0
-1
-3
-7
-5
-2
-4
-7
-6
-2
-3
-10
-9
-5
-7
-6
-8
-4
-2
0
-3
-5
-9
-19
-16
-17
-14
-9
-12
-5
-9
-9
-8
-13
-6
-7
-8
-9
-15
-9
-3
-9
-8
-2
-6
-11
1
1
-9
-5
-9
-13
-9
-6
-6
-2
2
-2
-5
0
-12
-9
-5
-6
-11
-11
-11
-14
-6
-11
-11
-8
-2
-3
-1
-4
-4
-3
-10
-11
-5
-7
-6
-5
-9
-4
-2
-1
-4
-8
-10
2
4
9
7
4
5
5
2
-5
-2
-5
-4
-7
-4
0
-3
2
4
4
8
8
6
3
3
4
4
4
3
8
8
3
4
6
2
9
6
8
7
6
6
4
6
2
3
1
-1
-1
5
1
1
3
1
3
9
-2
8
10
5
8
7
6
2
5
0
-3
-2
0
-2
-7
-8
-7
-2
-4
0
3
-4
0
3
8
7
8
10
10
13
6
9
8
12
11
7
4
8
8
0
4
0
4
6
11
8
12
8
7
8
13
13
16
11
11
13
8
8
5
11
3
5
3
6
2
-2
-6
-6
-8
-1
-1
-6
-7
-8
0
-3
1
6
8
3
2
3
-10
0
-4
-7
-3
-7
-3
3
-1
-4
2
4
2
6
6
1
1
2
5
-2
-7
-3
-2
-8
-7
-8
-7
2
-1
9
7
6
7
5
6
8
3
5
2
-4
-2
-6
-8
-5
-7
-10
-6
-4
1
-1
8
4
5
7
2
1
-3
-9
-11
-7
-3
-8
-6
-6
0
-3
-7
0
1
6
3
-1
-3
-1
0
-1
2
1
1
-1
-2
-2
-2
-1
-7
-6
-3
-1
-2
-3
-4
1
3
5
2
4
7
4
5
3
8
6
8
6
6
4
6
10
7
12
10
10
8
8
11
17
14
19
17
11
7
12
7
3
2
1
5
1
0
-2
1
-3
-9
-2
2
7
7
6
12
11
12
12
18
16
9
16
14
17
9
10
9
9
11
1
0
2
1
2
1
-5
3
3
5
3
2
5
1
3
3
2
2
6
11
15
9
16
19
17
18
18
18
17
13
10
12
11
-1
-2
4
7
7
3
7
9
11
11
9
6
9
7
7
11
7
4
5
3
6
4
8
4
0
4
-2
0
8
0
-5
-4
-3
0
0
2
5
7
3
8
10
12
10
9
4
2
6
5
5
9
6
5
1
0
5
7
1
1
-2
-1
9
2
2
-2
-3
0
1
-3
0
1
5
7
5
6
9
7
3
13
8
4
9
5
0
-1
2
5
-6
-1
-2
3
5
5
10
12
11
11
17
14
7
0
4
1
-2
-1
-1
4
6
6
2
1
4
7
4
7
1
-4
-1
0
1
-5
-6
-3
-2
-7
-10
-11
-8
-12
-6
3
0
3
1
3
7
6
7
11
8
7
8
8
4
7
4
5
7
1
9
6
7
7
3
7
2
3
8
7
4
5
4
4
9
5
10
5
2
0
0
3
-2
0
1
0
1
-3
-1
0
-4
3
6
14
18
15
8
4
4
0
5
6
6
3
5
4
3
-2
-4
-6
-8
-9
-9
0
-1
0
5
1
-4
-8
-7
-4
-4
-7
-9
-7
-4
-2
-1
6
7
3
-2
1
-3
-2
3
3
-6
-8
-5
-7
-5
-3
-8
0
4
4
7
5
10
7
5
5
10
6
13
6
8
5
-1
4
-1
4
2
3
4
4
5
3
-1
1
-1
-1
1
-2
-2
2
5
6
2
11
4
3
5
2
1
9
10
3
8
5
2
-3
2
2
0
-3
0
-7
-5
-9
-13
-9
-14
-7
-4
1
-5
-4
-1
3
2
-1
0
-5
-6
-7
-9
-11
-4
-1
0
-1
-1
3
-2
-5
-4
-4
-4
-5
-4
-8
-10
-11
-14
-13
-7
-8
-8
-6
-6
-7
-6
-4
-3
-2
-6
-6
-2
-3
-5
-1
-5
2
-1
-4
-8
-10
-10
-11
-1
-5
-9
-3
-2
-5
-6
-6
1
-3
0
-4
-2
-2
-5
-5
-7
0
-4
-3
0
12
7
5
-4
-1
1
-11
-13
-14
-7
-10
-7
-11
-6
-6
-4
-5
-5
-5
0
1
0
0
3
3
-5
-4
-9
-4
-6
-9
-5
-2
8
10
9
11
11
6
6
3
1
4
1
0
10
10
14
17
11
15
7
6
0
-7
-8
-1
4
-3
1
-4
-5
-4
-8
0
6
7
6
1
4
-4
-1
3
-3
4
0
1
2
1
1
-1
-3
2
-2
-9
-3
-9
-9
-5
-7
-2
-4
0
-5
-3
-1
5
8
0
2
-4
-7
-5
-7
-12
-10
-10
-4
-5
-3
-6
-8
-12
-17
-13
-17
-13
-15
-12
-14
-17
-14
-7
-11
-6
-4
-1
-2
-1
-3
-4
3
0
0
-1
-4
-11
-10
-11
-10
-16
-10
-7
-13
-7
-9
-13
-10
-9
-11
-12
-12
-9
-7
0
-2
1
1
-5
-3
-4
-4
-5
-12
-15
-11
-7
-7
-1
-2
-4
-12
-13
-9
-3
-10
-13
-7
-11
-12
-14
-9
-11
-9
-6
-5
-3
-3
-7
-8
-11
-7
-6
-5
-1
-6
-13
-13
-8
-12
-11
-3
-11
-7
-4
-3
0
-8
-6
-7
-6
-6
2
9
12
15
10
6
4
3
4
4
8
3
0
4
1
5
0
0
-1
0
2
1
1
-6
-10
-5
-10
-7
-6
-7
-4
-6
-9
-1
-5
-9
-9
-6
-5
-7
-8
-9
-10
-7
-3
-5
9
13
8
5
12
13
13
15
12
13
11
5
5
9
10
13
12
10
16
6
6
0
-3
7
10
5
8
6
2
-3
-5
-3
-6
-6
1
2
3
7
9
5
5
4
6
6
13
12
10
12
6
5
-3
-1
0
-8
-6
0
-7
-7
-5
-7
-5
-4
-1
1
-2
2
3
6
5
4
2
0
-3
7
3
1
12
6
12
8
5
1
-4
-4
-1
3
4
6
6
9
2
0
9
9
7
10
15
15
13
7
8
8
10
10
6
9
11
13
9
12
8
6
7
6
8
6
-3
0
1
-1
-3
-4
3
4
10
4
7
5
3
2
4
6
9
6
6
3
1
5
10
9
12
14
16
15
10
7
11
7
0
3
7
6
-4
0
5
6
3
11
6
7
13
9
6
9
10
11
10
14
16
9
16
9
13
15
12
13
5
3
-2
-3
-11
-6
-3
-5
1
-2
-6
-4
-5
-8
-6
-6
2
1
4
-7
-8
2
-3
0
5
11
16
19
13
16
14
11
10
5
1
1
4
6
8
5
7
10
7
8
10
13
13
13
19
14
19
19
13
11
12
12
14
10
13
11
8
12
10
5
8
8
3
4
4
5
-1
3
8
8
12
11
13
12
11
13
10
11
10
11
16
11
14
23
16
10
3
7
6
4
8
8
7
9
3
5
2
1
-1
-3
-1
-4
1
6
-1
0
4
5
5
3
5
1
-1
-3
-5
-7
-7
-10
-13
-12
-4
-5
-7
-1
-4
-5
-8
-6
-5
-4
0
-2
-2
2
-3
1
-3
-7
-11
-7
-10
-8
-7
-8
-3
-7
-4
-11
-3
-2
-1
-5
-4
0
-4
1
0
-1
8
5
7
7
11
16
8
8
7
7
2
6
11
5
2
0
3
1
3
6
10
4
9
7
0
-2
2
-1
-2
-3
-5
3
5
6
6
8
11
9
13
14
8
2
-1
-2
-1
3
-9
-6
-3
-5
-5
-10
-5
-2
-5
-1
-2
3
4
2
5
-1
-1
0
2
1
-2
-7
-3
-3
-4
-5
-5
-8
-7
-13
-10
-8
-9
-6
-2
7
9
2
2
3
-2
-1
0
1
-4
-7
-5
-11
-8
-6
-11
-3
-5
-4
-7
-11
-8
-11
-9
-11
-8
-12
-18
-9
-7
-5
-1
-4
-3
-6
-9
-4
-1
-5
1
4
2
8
9
13
6
11
10
9
8
7
4
-1
2
-4
5
4
-1
4
4
5
4
8
7
5
10
8
14
10
10
11
8
7
5
7
9
14
21
11
13
12
13
16
9
7
8
6
5
12
9
10
9
11
12
11
3
0
3
5
8
12
9
11
15
16
13
10
11
16
19
8
11
13
11
8
12
9
8
8
5
10
5
5
-2
-5
-5
-6
-6
-2
-6
-3
0
-8
-4
-2
2
4
7
2
-2
0
4
-1
-1
-4
-6
-11
-12
-15
-8
-7
-8
-13
-15
-17
-21
-12
-17
-12
-12
-19
-19
-15
-22
-19
-15
-19
-9
-7
-10
-11
-6
-11
-8
-1
1
1
-3
-4
-3
-13
-15
-12
-5
-7
-6
-8
-5
-1
-2
-5
2
0
-5
2
-1
5
4
0
4
0
0
2
0
-4
-9
-12
-11
-5
-8
0
-3
1
8
3
-1
7
5
1
1
-1
3
-1
0
-1
-1
2
9
6
5
1
4
12
11
7
7
11
14
11
11
13
5
2
0
-1
2
5
4
4
1
8
-3
1
4
3
1
-1
3
2
9
8
12
14
16
8
4
9
9
8
7
5
6
3
0
1
-1
4
2
-3
-3
-8
-7
1
0
1
-5
-10
-4
-2
-8
-5
-2
0
-4
2
-1
1
6
4
1
6
8
3
1
-5
-14
-7
-10
-11
-8
-10
3
0
-4
-5
-5
-5
2
-7
-6
-4
-1
2
4
-1
-4
-2
-9
-5
-10
-4
-3
-4
-1
-3
0
0
4
8
9
5
4
8
3
-1
0
2
-5
-6
-1
-7
-11
-9
-9
-7
-9
-7
-7
-7
-18
-13
-13
-9
-10
-14
-8
-5
-6
-5
-4
-9
-1
-5
0
2
0
5
2
6
5
5
6
-3
3
-3
0
-4
-10
-11
-9
-3
-5
-3
-5
-1
2
0
-2
-7
-10
-3
-10
-5
-7
-1
-2
-7
-8
-2
-8
-16
-13
-16
-11
-14
-14
-17
-20
-21
-24
-12
-14
-14
-11
-14
-12
-13
-7
-7
-6
-1
-7
-7
-6
-9
-2
-5
-8
0
-3
-8
-5
-10
-9
-10
-11
-12
-5
-12
-17
-12
-15
-15
-22
-17
-15
-20
-21
-17
-23
-20
-10
-7
-8
-5
2
-3
-2
-12
-12
-7
-15
-15
-15
-16
-20
-24
-18
-15
-19
-15
-14
-11
-11
-10
-1
-7
0
1
1
2
0
-1
-10
-1
0
4
0
-1
-3
-6
-10
-8
-8
-8
-6
-9
-4
-7
-5
-4
-5
-9
-8
-5
0
5
7
9
4
5
-2
1
-1
-4
2
-4
-3
2
1
2
-3
-6
-3
-7
-7
-11
-10
-12
-10
-8
-6
-10
-5
3
0
7
4
2
-5
-4
-9
-10
-12
-15
-14
-13
-8
-5
-1
1
-2
1
3
6
5
-7
2
2
7
4
3
11
7
6
1
2
1
-2
2
2
-1
0
2
4
3
3
5
3
10
9
8
6
-2
1
2
11
6
7
5
4
1
5
12
4
5
0
-2
5
9
4
3
-1
3
4
4
8
0
7
7
9
8
7
9
5
10
4
3
11
19
15
21
23
20
17
15
9
7
6
-1
-3
4
5
3
1
8
8
2
3
-2
0
-7
3
-4
1
2
1
3
0
7
-1
-1
-5
-5
-4
-2
-5
-5
-3
-4
-3
-5
-8
-10
-8
-13
-10
-9
-13
-10
-3
-2
-5
-1
1
4
7
12
11
13
10
5
4
6
4
7
6
3
-1
-1
1
0
4
0
0
-1
-5
-7
-8
-12
-11
-13
-12
-11
-10
-10
-12
-7
-6
-6
-7
6
6
2
7
7
2
3
2
-6
-11
-7
-11
-5
-2
-4
0
-5
5
4
1
-4
-4
4
3
-1
-1
4
1
4
5
9
9
13
15
9
8
8
-1
-2
2
-2
5
4
0
3
4
3
-1
-3
-1
-4
-6
-5
-8
-3
-8
-4
-3
-4
0
-9
3
0
1
3
9
14
6
8
12
6
5
0
1
0
-3
-4
-4
-3
-3
-6
-4
-6
-12
-12
-11
-12
-11
-5
-2
0
-2
-2
-8
-17
-15
-19
-21
-15
-10
-8
-3
2
-1
-5
3
-2
-2
0
0
-3
-4
4
-1
0
5
4
-8
-5
-4
-11
0
0
3
1
3
5
11
10
9
11
12
14
5
11
4
-1
-3
-2
1
-4
-1
-5
-9
-7
-7
-4
-8
-7
-6
-7
-6
-9
-5
-6
-1
0
-6
1
-2
-10
-12
-8
-9
-5
-7
-7
0
-1
-5
-9
-7
-13
-8
-2
-6
-5
-4
-13
-4
-4
-2
3
4
8
10
9
3
8
12
4
4
1
-3
5
-5
-8
-6
-4
-6
-5
-3
-4
-3
-1
7
5
2
1
-3
4
9
13
10
11
12
5
6
7
4
6
9
6
6
2
5
4
7
9
3
5
7
4
2
4
-5
-5
3
3
1
0
5
3
1
10
6
4
4
2
-5
-4
0
-7
-3
-2
-1
1
4
7
8
7
12
15
8
13
12
11
9
9
9
14
15
13
12
9
9
14
10
10
11
11
15
8
9
4
7
11
6
7
5
8
3
1
5
3
4
0
0
3
4
8
16
18
13
16
8
4
6
4
8
-1
-4
-3
-4
-2
-7
-6
1
-1
0
9
10
12
11
14
17
15
15
14
19
11
10
7
9
9
10
11
12
5
9
14
4
4
-1
-4
1
-3
-4
2
1
-1
-8
-3
-6
-7
-9
-6
-5
-2
4
8
14
19
21
15
19
13
9
15
12
12
8
12
18
16
18
12
9
4
11
16
15
14
11
14
11
17
14
14
12
12
15
10
12
9
13
11
6
7
14
14
10
8
9
5
1
0
0
3
3
10
9
7
9
9
13
14
13
10
2
6
5
3
4
7
9
5
12
8
15
12
7
11
4
4
-3
-5
-2
-2
4
2
3
0
2
-1
3
0
1
1
1
2
3
5
1
3
-2
2
-2
3
-5
-8
-6
-7
-5
-6
-2
1
3
2
-3
0
-11
-6
-3
-11
-8
-6
-5
-4
4
1
2
-3
-6
2
-1
-3
-2
0
3
-5
-1
3
5
5
0
1
-4
-4
-5
-5
-8
-10
-11
-3
0
6
6
10
13
8
12
7
9
4
1
1
4
1
2
-1
2
0
0
2
-1
4
2
-1
2
-3
-3
-1
-6
-5
-8
-6
-7
2
0
-4
-10
-13
-8
-11
-12
-11
-7
-10
-4
-4
-3
1
-4
1
-3
-8
3
1
-1
1
-2
-6
-5
-11
-10
-8
-7
-10
-10
0
1
-3
-4
-2
-4
-3
-7
-4
-5
-10
-8
-7
-1
-8
-6
-5
-10
-11
-13
-9
-10
-10
-5
-6
-12
-12
-6
-11
-8
-7
-10
-3
-6
-4
-6
-5
-5
-9
-6
-8
-10
-16
-17
-16
-7
-11
-11
-6
-8
-6
-9
-6
-13
-14
-5
-7
-9
-6
-2
-2
-1
-4
5
-4
-1
5
2
0
-2
0
2
-2
-1
0
-4
1
-2
-3
-5
-6
-1
2
1
-2
-3
-2
-6
-7
-9
-7
-8
-2
-6
-6
-3
-5
-7
-8
-4
-9
-6
-14
-17
-9
-9
-13
-13
-3
-6
-7
-7
-4
-4
-6
-4
-3
-2
-7
-7
-9
-14
-11
-13
-13
-13
-8
-11
-12
-3
-5
-4
-3
-1
-12
-13
-11
-12
-14
-11
-9
-10
-5
-6
-6
-13
-13
-9
-17
-17
-20
-13
-14
-16
-13
-12
-7
-7
-6
-6
-5
5
9
1
-1
4
-1
-3
1
0
3
9
10
4
6
3
-2
0
-4
-11
-10
-14
-8
-13
-15
-12
-13
-8
-8
-12
-10
-7
-11
-11
-15
-9
-17
-14
-8
-2
0
3
5
2
0
-3
-4
-8
-4
-5
-4
-4
-1
-5
-5
-8
-6
-7
-3
2
-1
6
10
8
6
5
0
3
-1
-3
-2
-4
-5
-6
-3
-6
-8
-10
-14
-10
-11
-10
-7
-7
-5
-7
-4
-7
-10
-12
-14
-14
-14
-12
-16
-3
-1
-2
-5
-6
0
-3
-5
-4
-1
-9
-5
0
-1
-6
-12
-7
-7
-10
-15
-20
-19
-15
-14
-8
-13
-11
-6
-6
-9
-7
-5
-7
-1
-4
2
0
-5
4
-3
-5
-4
-4
-1
-2
-4
-6
-7
-4
-7
-5
-6
-8
-12
-13
-16
-10
-13
-12
-11
-11
-9
-12
-12
-6
-6
-11
-5
-2
-1
3
5
-2
0
-3
4
5
4
4
4
2
-3
2
-3
2
0
-1
-3
-8
-5
-7
-4
-3
-9
-7
-12
-6
-7
-6
-4
-2
-8
-12
-4
-7
-4
-8
-6
-12
-4
0
-4
-2
-5
1
0
6
1
1
1
5
3
1
7
-3
2
2
6
-3
-4
-3
-5
-5
-3
-2
0
7
9
7
5
4
5
-6
-8
-13
-14
-7
-6
3
-1
0
4
6
5
3
7
1
3
2
1
8
12
12
14
15
12
6
7
8
4
1
3
4
-1
3
2
-1
-1
-8
-12
-4
-7
-1
-2
1
0
-2
0
0
7
0
5
6
8
10
8
8
9
11
5
10
13
7
12
9
13
12
9
10
5
11
14
11
9
11
7
3
-3
0
3
-2
2
0
0
5
7
3
12
10
10
6
1
5
3
3
7
7
5
8
9
4
8
13
3
2
6
6
15
11
11
13
13
17
23
24
17
17
16
12
9
12
3
4
8
6
6
2
7
4
1
8
5
8
9
14
3
-2
3
1
7
3
3
9
7
8
7
5
6
4
0
6
1
5
4
0
9
7
11
19
17
18
13
20
24
18
10
10
12
10
13
15
13
10
11
11
13
12
16
5
6
13
5
2
8
1
8
7
7
8
16
11
7
14
11
13
6
5
5
14
21
22
18
17
14
11
6
3
17
19
9
16
13
15
23
19
15
14
15
6
11
4
4
5
3
8
6
7
2
5
7
15
10
7
6
0
6
5
5
7
7
5
1
5
10
4
7
3
6
8
1
4
2
5
3
2
13
15
21
6
4
4
0
6
-3
0
2
-5
-3
4
4
5
6
4
4
10
8
13
17
13
12
11
11
17
13
18
20
16
15
15
15
9
14
16
16
18
16
15
13
17
6
11
8
8
5
5
10
10
10
11
15
18
22
16
15
20
10
6
12
11
6
2
-4
2
-4
-3
-2
1
6
5
10
10
8
11
17
15
15
8
8
16
16
15
16
19
21
16
8
-2
-2
-7
-8
-7
-6
-1
-3
2
9
4
6
6
11
10
2
9
0
4
3
6
8
10
16
12
18
14
11
15
13
16
19
20
19
15
17
14
13
12
14
18
16
10
10
15
11
9
13
11
7
7
8
4
6
-1
-3
-10
-13
-4
-6
-6
-3
-3
3
2
1
4
4
7
5
7
1
-3
-7
-5
-5
-11
-13
-11
-11
-7
-6
-3
-6
-13
-3
-4
-10
-8
-6
-8
-8
-10
-1
-6
-12
-6
-7
-13
-14
-9
-16
-6
-5
-2
-3
-7
-3
-8
-6
0
1
-6
-3
-1
-10
-5
-3
-1
2
-5
3
-1
-2
-1
0
-2
0
3
2
4
5
-1
1
4
-1
2
0
-2
2
1
4
4
3
5
8
2
1
5
-2
1
0
-2
-6
-4
1
4
3
-2
2
3
8
11
-2
7
4
2
4
8
1
4
8
0
10
5
2
-1
6
6
5
5
10
5
-1
6
-1
7
5
5
11
15
13
12
17
13
10
8
6
-1
-2
-4
-6
-4
-2
0
-3
4
9
6
8
7
4
2
4
1
5
6
3
5
11
8
10
10
6
3
4
11
7
11
11
12
12
6
6
-3
-1
-1
-7
3
7
3
4
2
4
1
-1
-9
-7
-1
1
0
-5
-8
-7
-7
-7
-8
-8
-8
-5
-4
-8
-3
0
-4
-4
-2
-7
-7
-5
-8
-3
0
-1
-5
-3
-3
-11
-8
-7
-5
-1
-11
-6
-2
-11
-7
-12
-7
-8
-7
-6
-9
-6
-5
-5
-11
-3
-4
-5
5
3
4
8
7
5
2
6
2
2
5
3
-2
-2
-4
0
7
8
10
14
16
16
20
12
15
12
5
5
10
15
13
13
13
15
12
19
20
14
7
5
5
8
3
6
16
7
12
10
6
-4
-5
-9
-4
-5
-2
-1
-3
-2
-4
5
-3
0
-3
4
11
6
6
10
6
2
5
0
3
8
9
14
8
11
11
11
9
7
13
7
9
2
5
5
1
11
15
9
7
12
4
6
16
11
13
10
12
11
9
8
11
11
9
7
10
9
13
16
17
16
19
21
20
16
18
14
12
17
15
12
18
23
23
26
19
19
21
19
15
9
18
21
22
17
13
7
5
2
1
1
3
3
5
8
13
15
6
4
4
3
6
2
2
7
7
4
3
3
-1
4
2
4
4
-5
-6
-2
-6
-10
-6
-9
-9
-9
-9
-4
-7
-7
-4
-8
-5
-6
-4
-2
1
1
2
-4
-3
4
1
6
9
12
10
0
6
10
7
8
8
9
13
12
8
10
12
13
12
15
15
14
9
1
4
4
10
10
11
15
12
10
5
6
1
-1
1
-3
-3
-9
-7
-9
-8
-8
-7
-3
0
-4
-2
1
-6
-8
-9
-8
-2
1
1
4
2
-8
1
4
1
-2
-3
-2
-5
4
5
-1
-5
-11
0
1
0
8
4
8
7
5
13
8
11
8
4
2
2
2
2
5
3
1
9
13
10
10
13
16
15
16
17
14
10
15
8
8
9
4
5
4
4
7
8
8
3
5
6
7
7
6
3
2
2
-1
1
4
0
-1
4
3
2
4
7
6
1
3
8
8
7
-2
3
4
2
1
-5
1
1
0
3
4
5
7
6
8
8
2
-1
3
2
5
3
3
1
7
6
1
4
9
15
9
6
11
9
2
3
5
6
3
4
5
8
8
15
21
14
11
12
10
10
16
18
15
21
22
20
18
22
23
26
23
21
25
23
22
20
23
23
15
15
17
16
12
15
13
4
3
2
3
0
-1
1
6
5
3
1
3
4
1
3
-1
-1
3
2
-1
1
3
7
6
10
9
13
18
21
20
21
25
21
20
15
10
16
14
12
15
12
11
5
4
-3
-5
-7
-10
-9
-6
-3
-5
-2
-5
-3
-6
-8
-4
-7
-6
-7
1
0
1
5
1
5
5
4
2
-3
-6
-3
-3
1
-3
-3
-5
-10
-12
-11
-10
-9
-9
-6
-2
-4
-1
2
-1
-10
-8
-4
-5
-9
-5
-3
-5
-1
-1
2
5
2
-4
-6
-7
-5
-2
-2
-4
-1
1
-2
0
5
5
7
5
6
9
13
14
8
6
2
2
3
3
-1
4
1
3
7
8
4
5
6
6
8
2
12
11
9
2
2
2
2
4
6
3
0
7
6
12
16
14
16
13
10
11
11
20
14
16
14
7
3
7
10
10
8
6
10
8
3
6
1
-3
-3
-3
3
3
6
9
9
8
9
10
8
5
2
5
8
3
9
12
14
12
16
12
9
11
2
4
4
7
8
2
6
12
16
17
13
7
4
-3
-5
-6
-4
-3
-4
-11
-9
-2
-2
-1
2
2
5
8
7
10
6
8
9
7
8
10
14
15
14
10
13
13
7
16
15
8
5
4
5
-5
-2
5
5
2
6
-1
4
2
-2
-1
1
5
-1
2
6
10
5
1
4
3
3
-3
3
2
8
6
6
9
0
2
-1
-2
-3
-9
-5
-1
-6
-7
0
-1
-1
3
5
13
11
10
11
10
11
8
5
6
5
4
9
4
5
4
0
-7
-6
-4
-5
-4
-6
-6
-10
-8
-10
-11
-8
0
0
2
6
1
0
1
-3
-5
-1
0
-5
-2
4
3
2
1
7
4
-2
2
0
2
-1
1
1
-6
-5
-1
-2
-6
1
0
0
6
2
6
9
7
5
3
2
1
2
-1
-7
-12
-6
-8
-7
-14
-12
-10
-7
-7
-7
-4
-4
3
5
6
0
0
4
3
8
8
7
5
3
6
2
0
-8
-13
-10
-16
-15
-12
-9
-5
-9
-6
-1
-2
-8
-9
-7
-7
-3
-5
-3
-4
-6
-2
-2
1
1
3
4
5
-1
2
3
5
2
5
6
8
10
3
-1
-1
-5
-4
-5
-5
-4
-4
-7
-11
-10
-13
-13
-10
-5
-15
-20
-14
-10
-8
-15
-18
-15
-19
-18
-22
-22
-19
-18
-22
-24
-23
-27
-19
-12
-15
-16
-17
-15
-16
-16
-17
-15
-17
-19
-14
-9
-9
-5
-7
-12
-8
-7
-7
-10
-9
-1
-4
-3
-1
-2
-6
-4
-7
-7
-9
-11
-10
-8
-12
-14
-5
-3
-4
-6
-5
-3
2
-4
-1
3
1
2
1
3
9
10
9
9
8
4
8
4
-4
2
2
-2
2
3
0
1
3
-2
1
-4
-7
-9
-10
-3
-6
-2
-2
1
0
2
2
-3
-3
1
2
6
-1
-1
3
1
-1
6
1
-4
2
2
2
-3
-3
-4
1
7
4
3
-4
-5
-7
-8
-9
-4
-4
-6
-7
-5
-6
-6
-1
-3
0
-2
3
4
0
0
3
-2
-9
-10
-9
-10
-10
-12
-10
-7
-6
-18
-16
-15
-18
-7
-9
-9
-2
-5
-6
-1
-4
-7
-12
-11
-12
-10
-7
-4
0
-3
-3
-2
-5
-7
-1
-6
1
-1
-5
-4
-3
0
-3
0
-1
3
8
5
5
5
1
5
-2
-3
-2
0
-2
-3
-2
1
-5
0
0
2
6
5
3
0
-1
0
-3
-4
-2
-4
-2
-6
-9
-6
-3
-11
-11
-11
-10
-3
-2
-3
-4
0
5
-2
-1
0
2
0
0
-4
-6
-5
-8
-8
-2
0
-2
4
-4
1
3
0
-2
3
1
-5
3
-4
-2
-4
-10
-6
-4
-4
-10
-7
-4
-2
-6
-2
-4
-6
-8
-11
-17
-16
-6
-8
-13
-13
-14
-10
-7
-4
-4
-6
-1
-5
-1
-8
-11
-16
-7
-7
-5
-3
-4
-2
0
4
-3
-1
0
3
7
6
2
2
10
13
8
6
2
0
3
-2
0
-5
-5
-3
3
3
7
6
-4
1
-1
-3
-3
2
-2
-2
0
4
7
3
15
12
9
8
8
2
1
6
6
2
1
-1
0
-1
1
2
3
7
-1
3
9
4
5
-2
1
6
1
7
9
2
2
-1
-2
2
-3
-3
-10
-6
-6
-10
-7
-8
-9
-12
-7
-13
-11
-7
-15
-12
-11
-9
-12
-9
-15
-16
-11
-11
-12
-9
-7
-13
-11
-18
-13
-9
-15
-13
-4
0
-5
-8
0
1
-3
-4
-11
-5
-6
-7
-5
-3
-5
-11
-9
-6
-9
-18
-14
-9
-7
-9
-1
5
4
8
1
-2
-3
0
-5
-7
-4
-6
-12
-7
-6
-11
-9
-6
-6
-6
-4
-2
-8
-6
-7
-13
-11
-14
-10
-9
-7
-12
-4
-7
-4
-3
-1
3
-4
-2
-9
-13
-13
-10
-13
-17
-15
-13
-10
-10
-11
-9
-3
-1
-7
-8
-6
-8
-9
-14
-12
-10
-7
-5
-2
-1
0
0
-15
-16
-11
-13
-13
-13
-14
-12
-9
-10
-7
-6
0
3
7
5
7
8
10
9
6
12
7
9
2
4
10
9
6
4
7
6
3
-8
-8
-3
-1
-7
-2
-2
0
-2
-2
4
2
1
2
-3
-9
2
-5
-5
0
-1
-4
0
3
0
2
7
7
3
4
2
5
2
-3
8
-2
3
5
-1
7
5
5
3
-1
-1
-3
-3
0
0
-4
-3
-5
-10
-6
-8
-12
-6
-2
-4
5
10
3
5
10
3
1
3
-1
-4
-4
-2
2
8
4
4
7
1
4
-1
-5
-6
-2
-6
-4
-3
-1
11
4
10
9
2
2
5
5
6
4
1
1
3
-5
-7
-5
-2
-4
-5
-4
-7
1
-6
-5
-2
2
-2
0
1
-1
-4
-11
-10
-7
-9
-11
-4
-8
0
-2
2
1
-14
-2
-1
-7
-6
-7
-9
-10
-1
4
4
2
-3
5
0
-1
-2
-6
-9
-8
-7
-13
-9
-11
-11
-15
-15
-12
-17
-15
-11
-9
-10
-7
-3
-2
-3
-2
-3
-2
-1
-2
-2
-1
2
4
0
2
1
-3
-3
-1
4
1
-7
-4
6
3
6
12
4
5
5
7
11
6
7
11
7
8
8
9
14
12
3
5
8
8
2
-1
4
5
1
1
3
2
1
5
4
7
11
8
9
3
8
5
0
-3
-7
-1
-2
-1
-4
5
12
7
8
8
3
7
3
4
7
5
5
6
6
1
4
6
1
1
-1
-3
1
-2
-1
3
3
5
4
4
8
16
13
15
14
14
18
16
20
20
18
16
15
18
14
9
5
8
15
15
9
9
7
9
15
7
9
13
18
14
13
13
11
9
6
4
-2
-9
-7
0
1
3
-1
-2
-1
4
0
7
12
12
16
19
26
17
19
13
17
10
2
3
8
10
7
10
0
-5
-3
-4
-8
0
3
0
1
6
7
5
5
7
5
6
12
11
19
14
12
12
14
12
11
12
3
7
15
10
7
6
4
4
1
3
3
1
-3
2
5
-5
-1
0
-3
-5
-7
-2
4
-2
-8
-6
-6
-6
-2
-8
-7
-8
-8
-10
-10
-9
-8
0
-2
1
7
5
11
9
4
6
-3
5
5
-2
-2
0
-1
-7
-12
-7
-2
2
-2
-1
-6
-5
-8
-13
-12
-9
-5
-7
-2
-1
-2
6
0
1
5
2
1
2
5
6
2
-1
-1
1
-1
-4
-4
1
1
0
3
-1
5
1
-5
-5
-6
-2
-4
-5
-9
-6
-2
2
3
5
11
12
13
15
19
21
16
14
6
6
12
4
7
11
10
10
9
12
10
11
8
10
12
6
8
0
2
3
2
-2
-3
0
8
6
5
11
5
3
8
1
-7
-12
-14
-15
-13
-5
-12
-5
-10
-2
-4
-5
0
6
1
-1
8
0
2
6
2
3
7
4
-3
0
8
3
-1
-4
-7
-4
-9
-13
-9
-5
-4
-5
5
7
8
7
2
-1
-5
-6
-3
0
-3
2
0
2
2
1
4
3
-7
-6
-8
-13
-11
-15
-10
-7
-5
-5
-3
-2
-11
1
-5
-7
-3
-6
-7
-8
-12
-4
0
-4
-15
-12
-9
-10
-6
-9
-8
-8
-9
-11
-1
-5
1
0
7
9
5
11
5
-3
1
-2
0
-1
3
2
0
-1
-10
-10
-15
-16
-17
-15
-14
-20
-20
-23
-26
-21
-24
-23
-27
-25
-31
-25
-18
-12
-10
-15
-15
-20
-11
-17
-14
-13
-9
-10
-17
-15
-19
-17
-13
-16
-19
-9
-14
-19
-19
-24
-26
-31
-28
-28
-30
-31
-27
-30
-24
-23
-23
-17
-19
-16
-17
-23
-20
-11
-14
-17
-17
-19
-22
-23
-21
-21
-16
-20
-14
-19
-19
-15
-21
-19
-14
-15
-18
-16
-15
-15
-19
-19
-20
-17
-10
-16
-13
-12
-12
-7
-10
-14
-12
-17
-13
-14
-21
-19
-23
-23
-19
-18
-16
-16
-15
-17
-12
-14
-9
-13
-15
-13
-19
-16
-20
-20
-25
-20
-23
-22
-17
-19
-20
-23
-26
-28
-23
-24
-26
-25
-21
-23
-22
-20
-11
-16
-18
-15
-13
-15
-18
-16
-16
-22
-21
-15
-17
-14
-19
-18
-16
-26
-25
-19
-25
-26
-24
-20
-23
-21
-25
-22
-20
-16
-18
-20
-18
-22
-23
-25
-26
-21
-19
-25
-18
-11
-13
-9
-9
-6
-7
-14
-14
-9
-10
-5
-3
-8
-6
-12
-13
-14
-13
-12
-15
-17
-14
-14
-16
-16
-23
-16
-17
-16
-16
-17
-16
-15
-14
-13
-5
-7
-8
-10
-7
-7
-5
-7
-10
-8
-15
-14
-14
-19
-15
-17
-17
-18
-19
-17
-22
-21
-19
-16
-16
-15
-13
-17
-17
-9
-5
-6
-7
-2
-3
-6
-6
-6
-10
-7
-4
-2
-1
-5
-4
-8
-13
-11
-11
-10
-10
-9
-9
-5
-7
-10
-10
-14
-13
-17
-16
-17
-17
-18
-16
-17
-10
-8
-14
-5
-8
-11
-7
-9
-14
-19
-19
-16
-13
-12
-13
-12
-9
-14
-12
-13
-19
-15
-19
-19
-21
-21
-19
-15
-18
-19
-15
-11
-4
-4
-3
-9
-3
1
-3
-7
-7
-11
-12
-10
-10
-10
-8
-5
-16
-19
-16
-16
-21
-23
-21
-20
-15
-15
-12
-14
-8
-9
-9
-9
-16
-10
-19
-22
-19
-15
-12
-14
-20
-20
-18
-16
-13
-16
-18
-24
-18
-16
-14
-9
-11
-8
-3
-4
-4
-5
-10
-7
-7
-5
-7
-8
-14
-5
-7
-14
-11
-12
-14
-12
-9
-10
-9
-13
-12
-17
-15
-10
-10
-10
-7
-13
-12
-13
-11
-8
-15
-13
-9
-15
-17
-17
-22
-22
-20
-18
-19
-23
-19
-14
-13
-15
-12
-13
-11
-9
-4
-3
-4
0
1
1
-3
-10
-11
-8
-13
-10
-9
-9
-3
-8
-6
-10
-7
-9
-10
-10
-12
-2
1
1
7
5
-2
-1
1
-2
-2
-4
4
5
6
3
4
6
4
5
-2
1
3
9
3
4
5
6
8
15
13
21
17
17
21
18
18
12
17
18
19
19
14
11
10
5
1
1
5
1
-2
-2
-1
2
8
3
7
15
13
13
17
14
15
18
14
18
17
16
17
17
12
14
11
10
11
13
14
11
12
7
11
16
16
18
15
5
11
9
7
9
10
16
15
16
14
13
10
13
6
9
8
14
14
7
9
6
11
6
2
-1
0
4
4
7
14
10
11
9
12
12
11
10
11
13
14
12
19
17
17
13
11
7
13
12
11
12
11
7
3
11
7
8
8
6
7
6
6
5
5
5
5
7
9
7
3
13
13
16
19
15
12
17
15
15
13
14
14
14
14
11
18
17
19
12
21
20
15
13
15
19
13
16
25
26
24
30
30
30
29
26
20
20
25
24
23
20
27
24
23
25
25
24
23
22
24
28
25
27
24
22
24
25
27
26
21
21
20
17
24
28
23
22
23
21
28
27
28
29
26
25
26
32
30
24
19
23
27
22
23
29
23
24
31
27
27
28
28
33
29
34
41
42
40
38
40
37
37
41
37
33
31
23
19
22
20
23
29
21
20
23
18
19
19
16
17
16
22
24
28
31
29
30
22
18
20
22
23
27
27
30
29
31
28
32
24
24
30
25
28
26
25
28
32
34
37
32
40
41
40
44
35
37
35
38
34
27
28
21
21
18
16
13
11
16
17
20
21
15
18
16
14
19
11
15
16
11
10
14
20
19
17
21
16
18
22
15
22
23
20
21
22
18
16
18
17
15
8
6
2
-2
3
6
7
15
12
16
12
11
16
16
11
7
8
12
18
22
23
25
22
18
18
19
25
15
15
6
3
2
3
3
4
10
8
10
13
13
5
8
3
6
8
8
8
13
16
18
20
18
16
17
19
8
12
11
9
6
5
8
6
11
8
11
7
4
3
5
2
4
5
4
7
12
15
13
15
14
15
14
21
20
20
17
17
15
10
14
10
7
9
9
15
8
13
10
10
14
4
6
9
10
6
14
13
11
12
13
13
12
10
8
6
3
6
9
8
9
12
12
9
11
20
17
19
13
17
15
13
13
14
17
25
25
20
19
17
19
8
2
4
5
1
9
10
13
12
12
10
13
9
6
7
11
13
14
18
12
18
19
23
19
12
14
6
10
5
11
5
11
15
2
6
2
6
5
0
8
14
10
10
12
14
11
16
9
16
13
10
6
-4
4
5
-1
-6
-2
5
1
1
-1
3
5
1
9
12
7
11
2
2
1
3
-4
-2
2
4
-3
-4
-1
-4
-3
-6
-6
-3
-3
-7
-5
-12
-7
-6
-9
-5
3
-8
-9
-11
-5
-12
-14
-12
-13
-7
-11
-2
-8
-3
-2
-9
-6
-4
-7
-2
0
-3
-10
-12
-9
-9
-14
-12
-13
-18
-17
-22
-20
-22
-21
-21
-17
-17
-15
-10
-13
-13
-12
-10
-13
-9
-11
-7
-10
-7
-4
-8
-4
-8
-9
-7
-3
-2
-8
-6
-9
-6
-7
-10
-5
-11
-13
-11
-12
-7
-6
-6
-5
-6
-10
-12
-10
-9
-7
-3
-1
-5
-4
-1
-7
-3
-7
-2
-1
-5
-5
-2
1
3
5
7
10
5
8
6
10
13
19
18
16
19
9
9
5
7
7
6
6
8
7
7
2
-1
5
3
6
6
0
5
9
6
8
11
7
3
1
-3
-3
1
1
2
3
5
4
2
2
5
0
1
4
5
9
8
13
7
8
10
8
12
5
6
6
11
9
9
6
4
4
5
5
1
7
4
8
7
4
8
10
8
8
10
7
2
2
6
3
7
13
9
9
4
5
1
1
11
12
14
7
11
10
13
17
18
15
14
12
14
10
11
13
9
9
7
4
7
12
6
7
-2
-1
-2
2
11
10
21
11
9
8
11
11
3
10
5
14
9
8
14
15
12
12
10
10
9
5
12
5
4
2
11
10
12
18
8
10
8
6
5
9
2
-3
1
1
2
-6
-2
5
2
-3
-5
-5
-4
-9
-6
-4
0
2
-1
-3
-3
0
4
6
6
7
5
9
8
7
1
0
-1
-6
-3
-2
-1
-2
-7
-5
-10
-11
-11
-10
-11
-11
-14
-13
-5
-12
-8
-9
-4
4
0
1
6
1
1
3
2
2
-1
-10
-4
-3
6
4
4
-4
-4
3
1
6
1
0
4
0
0
-2
-4
-5
-5
-7
-13
-8
-6
-8
-5
-10
-12
-8
-5
-3
-8
2
2
-5
6
6
3
7
7
2
10
8
1
5
4
4
6
0
-6
-9
-12
-11
-14
-6
-8
-6
-4
-8
0
1
5
3
-2
-3
3
0
9
6
0
0
-8
-2
-6
-6
-2
-5
-4
-7
-8
-11
-11
-5
-6
-7
-4
-5
-2
1
-6
0
7
0
-6
-3
-2
-3
-6
3
3
-3
-1
1
-5
-3
-7
-5
-8
-11
-7
-10
-6
-7
-5
-5
1
-2
-7
1
6
3
3
3
3
2
-3
2
5
3
2
3
1
1
3
-3
0
-4
-7
-2
3
-5
-8
-6
-11
-1
-2
0
-2
0
3
-1
-1
-8
-6
-7
-4
-2
-6
1
-4
-1
1
-3
-4
-4
-2
-1
3
3
2
-1
-6
-4
1
-8
-7
-9
-10
-11
-5
-3
-5
-7
-9
-10
-16
-19
-15
-18
-16
-12
-8
-8
-14
-20
-16
-8
-7
-8
-8
-12
-11
-11
-15
-14
-8
-5
-11
-13
-18
-19
-14
-17
-20
-25
-26
-28
-28
-20
-19
-20
-16
-12
-12
-17
-19
-23
-24
-21
-22
-24
-20
-21
-17
-17
-19
-14
-15
-16
-17
-16
-18
-16
-16
-19
-12
-17
-18
-17
-18
-19
-21
-17
-16
-15
-13
-9
-9
-11
-6
-11
-12
-17
-16
-22
-17
-17
-27
-22
-26
-18
-19
-15
-15
-17
-16
-16
-11
-11
-7
-12
-6
-8
-11
-9
-10
-9
-10
-12
-7
-6
-5
-8
-11
-10
-17
-7
-11
-11
-1
-5
-10
-9
-7
-13
-22
-15
-14
-18
-19
-18
-11
-20
-16
-7
-8
-1
-4
-5
-4
-5
-11
-8
-10
-17
-9
-12
-17
-15
-20
-25
-22
-18
-19
-14
-10
-15
-11
-8
-8
-14
-16
-17
-26
-21
-20
-26
-29
-27
-22
-22
-16
-15
-9
-10
-8
-16
-15
-13
-18
-14
-18
-9
-11
-9
-12
-13
-9
-11
-8
-9
-8
-15
-15
-9
-8
-7
-10
4
-1
-5
2
-2
-4
2
-4
-5
-3
-12
-11
-7
-7
-6
-8
-7
-1
-2
3
-2
1
1
3
-1
-7
-3
-9
-10
-10
-10
-8
-9
-10
-11
-19
-18
-11
-9
-12
-14
-10
-7
-5
-4
-2
3
1
5
8
-1
6
3
-2
-8
-11
-11
-21
-12
-9
-9
-9
-10
-6
-8
-5
-5
-12
-12
-13
-11
-19
-17
-8
-6
-11
-9
-10
-17
-20
-17
-18
-15
-13
-15
-11
-11
-7
-10
-10
-12
-11
-16
-13
-12
-19
-13
-13
-12
-12
-12
-15
-13
-17
-16
-14
-21
-14
-14
-16
-14
-14
-13
-12
-11
-8
-5
-7
-6
-3
-7
-5
-1
-9
-10
-11
-14
-19
-12
-11
-3
-16
-16
-6
-17
-11
-15
-14
-20
-17
-14
-16
-15
-19
-16
-4
-5
-5
1
4
1
-1
-7
-2
1
-3
-10
-10
-12
-10
-13
-9
0
2
3
-3
3
-11
-7
-9
-15
-13
-18
-17
-17
-18
-19
-16
-21
-18
-19
-13
-13
-17
-11
-11
-11
-12
-12
-12
-14
-13
-14
-13
-18
-20
-10
-8
-12
-5
-3
-4
0
-3
4
0
-4
-1
-5
-4
-5
-14
-12
-5
-10
-13
-13
-10
-16
-15
-11
-18
-15
-13
-16
-18
-20
-17
-25
-24
-12
-13
-13
-5
-5
-4
6
1
2
3
6
2
-5
-1
-1
6
9
13
13
11
13
10
7
4
6
5
-2
-2
-1
0
9
10
4
2
6
1
-3
-9
-10
-2
-3
-3
-1
4
2
1
6
2
5
4
0
5
2
1
2
-1
-1
0
2
8
4
0
-5
-1
7
6
4
6
15
13
14
13
17
9
12
13
8
9
8
6
7
10
9
10
18
19
16
16
9
6
14
13
14
12
7
8
-1
-1
-4
-1
-4
-10
-9
-9
-11
-13
-8
-11
-9
-12
-9
0
4
0
-2
-5
-3
-6
-12
-11
-12
-9
-7
-2
-7
-8
-9
-6
-6
-4
-8
-10
-9
-10
-10
-2
1
1
3
10
5
4
5
2
-2
5
4
4
1
0
0
-1
-4
0
3
7
7
1
11
13
10
15
15
9
4
5
9
5
8
5
5
4
9
3
3
-1
-1
6
-1
8
3
5
8
6
6
3
4
5
5
-1
6
2
2
3
0
3
3
2
6
-2
4
7
-2
10
11
1
3
0
-8
-10
-4
-2
-4
-4
-7
5
2
-2
3
1
-1
-4
1
-7
-9
-9
-5
-9
-12
-9
-3
1
3
2
10
6
5
11
6
15
14
14
16
11
19
13
3
3
1
-4
-6
-1
-8
-7
-7
-9
-12
-13
-9
-6
-4
1
1
15
14
22
31
34
42
44
43
38
38
39
33
40
43
48
57
54
59
46
46
33
11
-7
-33
-55
-83
-110
-143
-164
-185
-205
-218
-229
-226
-225
-213
-199
-187
-164
-140
-118
-89
-54
-23
13
65
110
158
210
247
284
320
342
353
360
357
347
326
311
287
255
231
202
168
140
107
68
30
-12
-45
-76
-95
-100
-102
-83
-54
-13
37
99
165
222
274
300
311
306
271
219
155
80
-5
-86
-150
-209
-239
-259
-267
-262
-242
-233
-224
-227
-243
-261
-307
-348
-391
-438
-477
-497
-506
-500
-474
-450
-407
-361
-319
-283
-260
-247
-249
-252
-259
-269
-278
-264
-232
-194
-134
-44
49
158
267
379
473
561
637
687
727
742
732
730
705
671
643
602
556
505
452
378
307
232
155
92
27
-14
-42
-51
-44
-4
38
79
132
163
180
177
164
116
46
-38
-127
-212
-287
-344
-375
-384
-377
-340
-288
-231
-158
-99
-45
-10
11
17
6
-3
-6
-15
-15
3
35
81
136
198
253
297
318
336
314
269
200
117
14
-110
-225
-348
-461
-572
-659
-744
-825
-890
-951
-1009
-1053
-1103
-1146
-1177
-1204
-1221
-1209
-1184
-1141
-1067
-980
-866
-725
-562
-392
-207
-24
159
335
514
679
850
999
1140
1286
1411
1532
1632
1722
1793
1837
1846
1823
1766
1670
1538
1364
1158
930
689
440
211
-10
-192
-336
-436
-488
-498
-476
-438
-396
-368
-352
-356
-396
-462
-540
-639
-733
-809
-849
-838
-783
-678
-535
-352
-147
69
276
457
598
684
714
696
641
563
471
382
305
247
220
232
257
296
338
361
357
314
218
73
-117
-358
-623
-915
-1193
-1462
-1694
-1886
-2027
-2126
-2173
-2176
-2129
-2062
-1974
-1863
-1748
-1622
-1492
-1344
-1185
-1014
-819
-613
-392
-139
121
398
676
962
1236
1499
1752
1969
2173
2347
2489
2607
2696
2738
2741
2701
2608
2473
2287
2062
1798
1502
1190
877
569
279
23
-192
-362
-480
-556
-605
-643
-670
-701
-749
-816
-913
-1025
-1148
-1264
-1360
-1423
-1428
-1376
-1259
-1081
-847
-570
-264
49
339
596
812
962
1060
1091
1072
1020
937
841
756
683
626
593
572
550
521
468
369
221
24
-245
-571
-937
-1343
-1769
-2184
-2567
-2901
-3170
-3357
-3452
-3472
-3396
-3240
-3020
-2751
-2454
-2135
-1815
-1508
-1208
-920
-645
-379
-124
140
420
708
1015
1335
1674
2017
2358
2684
2982
3251
3467
3622
3721
3745
3693
3579
3396
3165
2889
2574
2238
1890
1550
1220
918
642
388
155
-48
-238
-424
-613
-814
-1025
-1239
-1449
-1663
-1870
-2032
-2157
-2219
-2221
-2147
-1985
-1761
-1479
-1152
-781
-405
-30
322
626
885
1080
1225
1315
1370
1387
1378
1365
1334
1308
1275
1237
1188
1110
1003
846
651
399
89
-268
-673
-1127
-1594
-2074
-2548
-3006
-3419
-3766
-4049
-4244
-4350
-4373
-4298
-4139
-3905
-3599
-3242
-2849
-2439
-2003
-1569
-1137
-713
-313
82
453
816
1165
1506
1846
2190
2525
2851
3164
3472
3746
3985
4181
4322
4402
4417
4363
4232
4029
3759
3434
3057
2649
2223
1783
1355
942
563
212
-100
-377
-638
-882
-1124
-1366
-1611
-1857
-2105
-2339
-2557
-2729
-2852
-2900
-2850
-2700
-2459
-2127
-1716
-1251
-739
-225
276
739
1141
1474
1722
1897
2005
2052
2051
2014
1958
1889
1810
1725
1635
1519
1386
1208
992
730
404
22
-420
-903
-1437
-1989
-2548
-3099
-3622
-4098
-4510
-4840
-5051
-5174
-5182
-5078
-4874
-4584
-4207
-3764
-3277
-2765
-2249
-1737
-1240
-771
-334
75
468
838
1196
1550
1901
2260
2624
2997
3345
3689
3997
4278
4517
4694
4814
4859
4839
4740
4581
4369
4096
3770
3408
3027
2618
2202
1784
1362
950
545
157
-229
-611
-993
-1376
-1739
-2086
-2420
-2716
-2976
-3176
-3305
-3346
-3285
-3131
-2881
-2547
-2134
-1661
-1150
-619
-96
411
875
1285
1622
1885
2094
2232
2310
2337
2316
2261
2181
2074
1946
1795
1606
1383
1122
813
445
29
-436
-957
-1536
-2160
-2807
-3473
-4127
-4731
-5281
-5738
-6076
-6286
-6353
-6262
-6016
-5630
-5130
-4540
-3881
-3188
-2494
-1823
-1198
-626
-109
354
768
1164
1546
1928
2328
2742
3181
3631
4081
4519
4919
5258
5527
5712
5797
5794
5697
5501
5236
4906
4539
4133
3712
3293
2868
2454
2046
1634
1223
805
375
-76
-559
-1056
-1566
-2082
-2570
-3032
-3430
-3744
-3974
-4090
-4073
-3927
-3652
-3278
-2802
-2250
-1656
-1047
-449
126
658
1112
1500
1816
2060
2247
2363
2443
2478
2474
2447
2380
2285
2154
1978
1748
1470
1138
746
286
-226
-789
-1408
-2057
-2735
-3425
-4117
-4774
-5390
-5935
-6391
-6725
-6921
-6956
-6844
-6566
-6130
-5572
-4903
-4156
-3363
-2569
-1805
-1081
-413
178
702
1166
1581
1970
2341
2726
3126
3554
3997
4456
4909
5323
5700
6005
6210
6315
6313
6197
5987
5697
5335
4916
4481
4025
3571
3121
2688
2260
1828
1395
949
481
-33
-587
-1156
-1742
-2340
-2923
-3459
-3918
-4287
-4535
-4636
-4591
-4390
-4047
-3585
-3022
-2392
-1721
-1043
-393
209
743
1206
1584
1889
2132
2315
2449
2544
2606
2637
2633
2604
2529
2405
2219
1965
1653
1266
814
293
-284
-902
-1570
-2261
-2965
-3669
-4372
-5049
-5665
-6212
-6667
-7003
-7199
-7245
-7132
-6852
-6412
-5838
-5136
-4358
-3534
-2695
-1869
-1107
-409
214
738
1193
1585
1937
2285
2644
3021
3433
3887
4367
4861
5347
5801
6189
6482
6678
6747
6695
6530
6263
5898
5477
5006
4506
4007
3517
3031
2560
2091
1622
1145
641
95
-497
-1118
-1769
-2416
-3060
-3656
-4177
-4589
-4868
-4998
-4951
-4748
-4396
-3900
-3296
-2622
-1911
-1205
-515
121
697
1186
1586
1915
2172
2370
2518
2636
2713
2763
2781
2758
2693
2572
2387
2128
1794
1394
914
372
-219
-867
-1540
-2247
-2981
-3722
-4450
-5161
-5837
-6440
-6964
-7372
-7650
-7763
-7705
-7465
-7047
-6455
-5731
-4904
-3995
-3057
-2129
-1250
-435
283
909
1441
1893
2288
2662
3012
3375
3774
4204
4662
5134
5609
6049
6434
6735
6941
7017
6979
6816
6545
6181
5745
5259
4744
4214
3699
3195
2696
2209
1722
1222
689
108
-522
-1186
-1887
-2596
-3286
-3921
-4483
-4927
-5223
-5355
-5300
-5079
-4702
-4181
-3559
-2865
-2134
-1406
-708
-65
492
981
1387
1722
2002
2234
2420
2576
2712
2816
2889
2928
2911
2821
2654
2405
2070
1649
1144
561
-81
-781
-1533
-2321
-3121
-3946
-4763
-5551
-6292
-6949
-7505
-7918
-8178
-8262
-8156
-7846
-7341
-6673
-5863
-4945
-3967
-2968
-1996
-1079
-241
490
1125
1665
2135
2556
2966
3379
3813
4288
4783
5309
5840
6350
6800
7181
7445
7584
7590
7466
7227
6875
6442
5954
5427
4892
4361
3836
3324
2810
2288
1741
1173
535
-150
-896
-1670
-2459
-3250
-3983
-4639
-5179
-5582
-5801
-5830
-5677
-5343
-4869
-4261
-3568
-2834
-2087
-1366
-681
-57
492
971
1391
1749
2060
2336
2573
2783
2966
3101
3185
3218
3174
3044
2833
2525
2116
1623
1046
399
-312
-1084
-1890
-2723
-3565
-4424
-5260
-6058
-6783
-7417
-7938
-8298
-8487
-8486
-8279
-7870
-7257
-6485
-5581
-4585
-3542
-2497
-1506
-588
233
934
1531
2029
2458
2852
3225
3615
4036
4503
5000
5524
6046
6555
7009
7367
7613
7734
7716
7561
7293
6917
6455
5941
5401
4845
4306
3776
3247
2727
2190
1621
1017
349
-376
-1148
-1953
-2772
-3572
-4305
-4946
-5458
-5813
-5978
-5956
-5752
-5369
-4840
-4198
-3479
-2715
-1939
-1177
-465
173
742
1234
1661
2016
2325
2582
2794
2976
3110
3205
3259
3263
3188
3039
2821
2511
2105
1602
1014
338
-427
-1254
-2145
-3084
-4061
-5038
-5990
-6871
-7655
-8320
-8811
-9105
-9180
-9020
-8630
-8030
-7227
-6277
-5229
-4116
-2996
-1925
-929
-41
728
1381
1920
2386
2807
3210
3621
4068
4555
5087
5652
6233
6790
7291
7696
7992
8155
8164
8039
7778
7395
6925
6394
5829
5245
4669
4106
3548
2986
2412
1815
1154
448
-325
-1146
-1999
-2875
-3714
-4493
-5168
-5705
-6076
-6253
-6218
-5983
-5576
-5013
-4321
-3549
-2742
-1921
-1133
-405
264
839
1337
1756
2102
2399
2644
2853
3027
3168
3254
3307
3301
3232
3080
2840
2512
2086
1566
938
227
-569
-1453
-2398
-3401
-4422
-5447
-6439
-7354
-8167
-8832
-9318
-9588
-9615
-9401
-8942
-8251
-7368
-6327
-5186
-3987
-2790
-1646
-586
350
1155
1831
2386
2849
3260
3650
4034
4459
4912
5407
5944
6482
7001
7459
7837
8098
8228
8219
8061
7771
7379
6903
6370
5797
5218
4648
4079
3511
2943
2359
1715
1015
248
-587
-1479
-2412
-3342
-4231
-5036
-5726
-6246
-6554
-6644
-6508
-6159
-5614
-4914
-4097
-3210
-2300
-1413
-590
156
802
1350
1807
2177
2471
2708
2910
3071
3206
3326
3405
3441
3415
3319
3146
2881
2509
2029
1443
758
-28
-898
-1839
-2850
-3899
-4972
-6008
-7003
-7909
-8691
-9306
-9740
-9946
-9907
-9619
-9085
-8329
-7381
-6288
-5086
-3841
-2601
-1414
-315
668
1521
2237
2842
3361
3810
4220
4620
5031
5477
5945
6429
6904
7349
7739
8044
8236
8303
8244
8067
7761
7347
6870
6336
5757
5176
4586
3989
3379
2750
2085
1355
564
-294
-1204
-2163
-3135
-4070
-4935
-5684
-6294
-6690
-6864
-6817
-6547
-6062
-5394
-4594
-3706
-2760
-1819
-920
-95
633
1271
1799
2237
2582
2864
3079
3250
3383
3477
3538
3554
3522
3408
3241
2992
2640
2201
1662
1021
286
-524
-1429
-2396
-3421
-4483
-5555
-6597
-7572
-8445
-9167
-9716
-10036
-10119
-9950
-9506
-8820
-7917
-6840
-5642
-4373
-3090
-1852
-691
344
1248
2018
2657
3196
3671
4091
4488
4904
5350
5818
6301
6785
7240
7638
7958
8158
8237
8192
8015
7713
7326
6867
6358
5824
5296
4769
4235
3707
3151
2568
1900
1150
319
-591
-1566
-2591
-3606
-4569
-5434
-6167
-6686
-6979
-7023
-6831
-6407
-5772
-4978
-4068
-3107
-2121
-1170
-292
489
1158
1719
2164
2506
2768
2977
3135
3254
3337
3399
3431
3409
3338
3201
3006
2714
2327
1838
1251
557
-232
-1119
-2084
-3099
-4174
-5269
-6343
-7353
-8284
-9071
-9683
-10084
-10241
-10150
-9791
-9164
-8316
-7273
-6093
-4816
-3504
-2222
-1014
91
1064
1886
2581
3161
3646
4072
4458
4844
5255
5683
6134
6598
7049
7450
7792
8033
8174
8187
8080
7858
7532
7130
6672
6177
5672
5165
4653
4130
3588
3004
2361
1626
811
-97
-1074
-2110
-3167
-4190
-5142
-5961
-6610
-7034
-7217
-7154
-6849
-6309
-5579
-4711
-3745
-2735
-1727
-774
93
849
1490
2022
2439
2753
2995
3177
3303
3397
3459
3491
3490
3443
3336
3170
2912
2567
2115
1555
883
95
-802
-1780
-2840
-3981
-5142
-6295
-7398
-8396
-9266
-9962
-10424
-10649
-10596
-10262
-9652
-8794
-7739
-6524
-5203
-3831
-2473
-1195
-6
1042
1947
2708
3340
3877
4328
4739
5132
5538
5964
6385
6822
7245
7612
7918
8132
8240
8235
8108
7871
7549
7158
6730
6271
5817
5366
4907
4420
3904
3327
2656
1870
969
-27
-1129
-2297
-3475
-4605
-5631
-6508
-7167
-7556
-7682
-7537
-7133
-6479
-5641
-4679
-3641
-2571
-1536
-576
289
1040
1680
2211
2637
2983
3268
3503
3684
3816
3920
3970
3940
3834
3649
3370
2985
2485
1888
1190
392
-506
-1471
-2502
-3606
-4748
-5914
-7029
-8101
-9081
-9916
-10551
-10948
-11095
-10952
-10499
-9761
-8790
-7606
-6263
-4825
-3368
-1965
-639
566
1594
2457
3170
3781
4291
4734
5154
5581
6029
6473
6933
7393
7785
8109
8323
8430
8414
8252
7972
7610
7206
6765
6316
5899
5510
5133
4749
4343
3886
3309
2598
1740
750
-382
-1616
-2909
-4176
-5347
-6392
-7218
-7764
-8014
-7995
-7677
-7085
-6271
-5309
-4251
-3133
-2038
-998
-52
803
1549
2178
2704
3131
3507
3805
4031
4214
4338
4399
4371
4255
4068
3780
3375
2850
2233
1511
673
-272
-1297
-2387
-3568
-4798
-6040
-7242
-8395
-9444
-10331
-11003
-11426
-11592
-11450
-10986
-10239
-9248
-8035
-6661
-5194
-3718
-2274
-903
353
1446
2384
3182
3869
4464
4977
5470
5961
6433
6901
7354
7791
8157
8430
8595
8660
8596
8409
8121
7763
7345
6893
6444
6016
5603
5182
4751
4284
3745
3086
2294
1367
324
-849
-2114
-3398
-4626
-5759
-6762
-7533
-8016
-8227
-8173
-7830
-7213
-6404
-5453
-4403
-3281
-2162
-1094
-95
836
1681
2410
3050
3604
4093
4488
4788
5010
5165
5218
5149
4966
4692
4290
3750
3097
2346
1492
509
-562
-1694
-2889
-4163
-5472
-6773
-8022
-9195
-10256
-11139
-11794
-12204
-12323
-12138
-11627
-10827
-9773
-8510
-7074
-5540
-3984
-2449
-978
383
1594
2655
3601
4418
5139
5781
6372
6930
7447
7925
8376
8774
9077
9273
9354
9315
9158
8887
8527
8112
7628
7129
6633
6143
5642
5135
4583
3975
3274
2446
1505
457
-705
-1964
-3254
-4518
-5708
-6759
-7616
-8226
-8562
-8630
-8417
-7926
-7201
-6316
-5294
-4174
-3015
-1877
-783
258
1248
2133
2919
3625
4255
4798
5232
5570
5815
5936
5925
5777
5511
5106
4543
3847
3028
2101
1053
-98
-1320
-2603
-3963
-5351
-6739
-8076
-9329
-10476
-11446
-12192
-12678
-12878
-12766
-12328
-11588
-10579
-9335
-7914
-6357
-4755
-3164
-1620
-174
1136
2312
3356
4285
5099
5819
6478
7095
7677
8195
8682
9108
9452
9685
9804
9814
9678
9432
9072
8617
8101
7542
6974
6385
5768
5146
4490
3774
2979
2094
1121
58
-1107
-2332
-3570
-4782
-5914
-6915
-7736
-8320
-8652
-8733
-8548
-8111
-7450
-6604
-5634
-4561
-3424
-2294
-1161
-60
991
1972
2876
3714
4472
5136
5704
6160
6500
6699
6753
6648
6398
5996
5417
4694
3827
2839
1719
506
-785
-2159
-3586
-5045
-6503
-7913
-9250
-10487
-11551
-12395
-12991
-13295
-13284
-12944
-12296
-11365
-10185
-8793
-7264
-5662
-4042
-2451
-942
444
1706
2842
3861
4758
5568
6302
6979
7608
8190
8733
9205
9602
9897
10082
10154
10098
9920
9639
9270
8809
8292
7736
7142
6500
5807
5063
4241
3323
2302
1180
-30
-1320
-2665
-4005
-5291
-6477
-7516
-8341
-8914
-9237
-9295
-9080
-8609
-7926
-7086
-6102
-5017
-3891
-2733
-1588
-447
665
1724
2722
3672
4560
5370
6076
6664
7134
7436
7567
7508
7276
6848
6223
5425
4484
3401
2175
852
-553
-2010
-3529
-5080
-6600
-8065
-9452
-10711
-11803
-12670
-13282
-13606
-13613
-13292
-12644
-11728
-10552
-9163
-7628
-6005
-4359
-2751
-1211
219
1517
2698
3756
4694
5535
6311
7028
7700
8324
8896
9420
9858
10198
10432
10551
10533
10385
10131
9761
9296
8751
8152
7497
6774
5990
5132
4192
3154
2012
786
-513
-1880
-3277
-4647
-5938
-7111
-8101
-8875
-9390
-9643
-9626
-9347
-8814
-8070
-7170
-6141
-5020
-3851
-2663
-1483
-318
827
1905
2937
3911
4825
5656
6383
6986
7452
7760
7884
7823
7585
7146
6497
5676
4689
3555
2287
906
-563
-2101
-3694
-5305
-6889
-8403
-9822
-11112
-12198
-13043
-13614
-13892
-13834
-13449
-12750
-11779
-10555
-9129
-7566
-5948
-4313
-2714
-1186
223
1504
2673
3718
4658
5501
6283
7024
7722
8362
8961
9504
9969
10341
10609
10768
10803
10696
10471
10142
9719
9203
8602
7928
7174
6337
5397
4357
3206
1962
631
-777
-2221
-3660
-5050
-6337
-7484
-8433
-9145
-9616
-9823
-9768
-9464
-8937
-8223
-7344
-6353
-5267
-4131
-2959
-1777
-589
580
1725
2830
3883
4875
5773
6552
7212
7716
8039
8171
8102
7847
7387
6713
5867
4849
3678
2362
929
-594
-2203
-3854
-5522
-7158
-8722
-10186
-11481
-12561
-13383
-13914
-14117
-13985
-13518
-12739
-11688
-10400
-8938
-7364
-5737
-4117
-2536
-1037
347
1624
2787
3849
4801
5683
6507
7274
7993
8640
9233
9744
10167
10488
10713
10823
10820
10708
10481
10172
9762
9284
8705
8029
7256
6375
5369
4235
2994
1641
215
-1279
-2783
-4244
-5623
-6862
-7921
-8756
-9348
-9685
-9764
-9596
-9199
-8608
-7854
-6960
-5961
-4897
-3786
-2634
-1469
-293
869
2012
3116
4173
5158
6052
6828
7469
7949
8249
8354
8255
7954
7455
6748
5854
4796
3561
2180
669
-948
-2646
-4383
-6121
-7812
-9408
-10864
-12115
-13115
-13820
-14202
-14248
-13960
-13348
-12447
-11296
-9951
-8462
-6906
-5341
-3786
-2290
-874
442
1659
2794
3843
4823
5747
6624
7442
8196
8888
9502
10010
10427
10737
10915
10972
10921
10757
10495
10149
9720
9209
8598
7895
7082
6149
5089
3882
2561
1141
-354
-1900
-3432
-4888
-6239
-7418
-8386
-9101
-9549
-9755
-9695
-9400
-8891
-8209
-7401
-6472
-5465
-4412
-3329
-2215
-1077
56
1187
2305
3403
4451
5433
6321
7086
7715
8165
8422
8484
8326
7964
7383
6604
5635
4489
3186
1740
186
-1471
-3194
-4949
-6669
-8333
-9885
-11276
-12438
-13329
-13925
-14189
-14106
-13683
-12952
-11954
-10725
-9325
-7817
-6265
-4724
-3201
-1766
-416
843
2006
3092
4090
5045
5950
6810
7613
8355
9028
9621
10104
10465
10713
10845
10856
10754
10558
10273
9896
9451
8921
8310
7598
6760
5804
4702
3466
2104
642
-884
-2436
-3971
-5410
-6718
-7827
-8701
-9319
-9662
-9743
-9571
-9172
-8574
-7822
-6947
-5983
-4968
-3916
-2842
-1761
-659
442
1531
2604
3656
4666
5606
6458
7188
7771
8187
8409
8429
8247
7849
7234
6403
5388
4185
2818
1308
-318
-2039
-3817
-5594
-7335
-8990
-10500
-11808
-12872
-13640
-14085
-14191
-13945
-13383
-12521
-11417
-10114
-8667
-7153
-5604
-4081
-2616
-1230
66
1282
2414
3473
4471
5429
6346
7214
8030
8783
9451
10020
10469
10795
10988
11058
11006
10830
10568
10218
9793
9289
8713
8050
7286
6416
5416
4274
3007
1627
153
-1385
-2922
-4418
-5804
-7047
-8080
-8873
-9406
-9676
-9689
-9439
-8975
-8330
-7543
-6643
-5664
-4638
-3589
-2523
-1443
-377
695
1752
2800
3807
4771
5674
6488
7185
7731
8120
8313
8308
8099
7665
7016
6167
5108
3868
2470
917
-760
-2523
-4329
-6131
-7883
-9526
-11011
-12278
-13276
-13958
-14309
-14312
-13958
-13297
-12341
-11153
-9770
-8274
-6717
-5155
-3628
-2166
-791
491
1677
2780
3800
4764
5676
6561
7383
8154
8869
9504
10044
10480
10805
11000
11068
11030
10883
10631
10295
9858
9340
8722
7999
7159
6190
5077
3825
2459
981
-580
-2168
-3736
-5226
-6585
-7756
-8699
-9381
-9787
-9915
-9782
-9402
-8817
-8068
-7185
-6208
-5175
-4104
-3010
-1910
-810
290
1376
2449
3506
4519
5473
6355
7137
7787
8281
8597
8711
8634
8327
7802
7062
6103
4961
3630
2147
521
-1214
-3027
-4867
-6690
-8449
-10083
-11535
-12752
-13694
-14316
-14594
-14510
-14087
-13338
-12312
-11043
-9590
-8028
-6417
-4798
-3212
-1717
-310
998
2207
3315
4330
5284
6171
7001
7758
8463
9089
9637
10084
10428
10667
10786
10795
10712
10540
10276
9937
9523
9031
8440
7742
6937
5991
4906
3671
2311
840
-716
-2310
-3889
-5380
-6749
-7936
-8895
-9583
-9994
-10137
-10003
-9625
-9022
-8242
-7324
-6293
-5194
-4054
-2899
-1725
-553
601
1726
2819
3871
4859
5780
6611
7316
7880
8287
8508
8545
8384
8020
7450
6688
5743
4603
3292
1848
279
-1392
-3140
-4918
-6672
-8367
-9953
-11356
-12533
-13451
-14060
-14337
-14261
-13846
-13126
-12132
-10886
-9462
-7922
-6324
-4699
-3106
-1592
-163
1178
2417
3543
4580
5537
6425
7241
7985
8657
9256
9769
10177
10491
10698
10797
10782
10674
10484
10193
9832
9382
8854
8235
7507
6673
5705
4600
3366
2000
544
-972
-2522
-4052
-5497
-6814
-7950
-8863
-9520
-9910
-10038
-9913
-9537
-8947
-8187
-7285
-6281
-5194
-4078
-2934
-1770
-611
542
1659
2753
3824
4835
5766
6617
7349
7944
8387
8640
8702
8564
8210
7640
6864
5896
4741
3413
1944
343
-1369
-3162
-4962
-6743
-8463
-10072
-11508
-12716
-13666
-14311
-14624
-14588
-14225
-13550
-12591
-11369
-9965
-8425
-6814
-5158
-3517
-1938
-430
991
2319
3533
4648
5671
6609
7460
8216
8878
9452
9920
10278
10539
10704
10771
10734
10616
10434
10192
9878
9505
9063
8540
7911
7159
6273
5231
4039
2705
1247
-298
-1888
-3484
-5000
-6399
-7638
-8655
-9407
-9881
-10082
-10017
-9685
-9121
-8370
-7473
-6450
-5344
-4197
-3017
-1817
-629
536
1676
2774
3827
4813
5717
6524
7219
7777
8170
8390
8426
8271
7906
7328
6555
5613
4482
3185
1758
215
-1434
-3153
-4889
-6600
-8258
-9807
-11205
-12389
-13326
-13990
-14349
-14379
-14087
-13512
-12647
-11536
-10233
-8793
-7247
-5654
-4043
-2469
-954
501
1874
3151
4328
5428
6420
7323
8123
8832
9436
9933
10307
10578
10755
10811
10773
10652
10456
10195
9862
9474
9033
8505
7883
7160
6331
5348
4216
2942
1551
63
-1497
-3083
-4618
-6045
-7345
-8444
-9280
-9853
-10163
-10188
-9932
-9427
-8731
-7873
-6868
-5761
-4609
-3421
-2210
-983
218
1382
2524
3623
4672
5637
6504
7278
7917
8387
8681
8794
8704
8390
7863
7129
6205
5084
3791
2350
805
-852
-2579
-4329
-6045
-7711
-9295
-10729
-11965
-12968
-13722
-14173
-14306
-14135
-13673
-12924
-11920
-10705
-9329
-7855
-6298
-4722
-3171
-1664
-209
1179
2472
3674
4798
5845
6795
7655
8424
9104
9676
10122
10459
10695
10805
10802
10697
10529
10277
9953
9573
9148
8649
8061
7381
6600
5696
4640
3437
2115
689
-847
-2427
-3982
-5467
-6831
-8018
-8978
-9660
-10081
-10225
-10088
-9683
-9063
-8271
-7326
-6269
-5145
-3987
-2813
-1614
-439
712
1832
2924
3977
4953
5852
6666
7356
7906
8273
8464
8467
8252
7828
7189
6369
5363
4180
2860
1428
-108
-1720
-3372
-5022
-6645
-8215
-9680
-10989
-12107
-13016
-13653
-14001
-14042
-13781
-13237
-12409
-11332
-10061
-8642
-7101
-5503
-3887
-2305
-764
707
2087
3363
4544
5625
6607
7486
8250
8922
9492
9937
10267
10487
10606
10620
10533
10380
10160
9897
9574
9214
8820
8363
7828
7202
6468
5587
4559
3369
2044
595
-950
-2549
-4134
-5654
-7047
-8258
-9237
-9927
-10343
-10462
-10287
-9844
-9165
-8300
-7274
-6135
-4930
-3696
-2449
-1209
10
1177
2289
3360
4359
5272
6091
6812
7395
7836
8102
8189
8100
7821
7325
6654
5803
4782
3613
2313
921
-562
-2127
-3717
-5314
-6868
-8373
-9780
-11033
-12103
-12951
-13565
-13889
-13916
-13660
-13120
-12314
-11257
-9995
-8594
-7075
-5485
-3875
-2281
-731
755
2153
3447
4622
5699
6671
7518
8251
8878
9404
9816
10107
10305
10410
10417
10336
10195
9996
9745
9451
9099
8711
8256
7725
7101
6367
5506
4498
3345
2067
679
-806
-2325
-3834
-5271
-6591
-7749
-8675
-9333
-9729
-9853
-9703
-9282
-8646
-7824
-6850
-5754
-4589
-3395
-2183
-967
224
1374
2473
3514
4494
5378
6165
6850
7415
7819
8062
8139
8024
7718
7209
6504
5621
4568
3362
2025
587
-939
-2523
-4136
-5736
-7290
-8766
-10121
-11330
-12330
-13115
-13654
-13909
-13867
-13543
-12946
-12091
-10997
-9711
-8296
-6781
-5209
-3627
-2078
-593
809
2118
3319
4396
5379
6271
7062
7758
8371
8890
9324
9659
9900
10059
10122
10101
9998
9838
9620
9353
9024
8649
8218
7715
7112
6417
5601
4637
3539
2294
946
-496
-2003
-3501
-4947
-6280
-7454
-8409
-9102
-9524
-9671
-9535
-9133
-8501
-7679
-6713
-5626
-4477
-3305
-2121
-947
201
1299
2343
3323
4251
5104
5847
6497
7020
7410
7639
7696
7588
7300
6823
6173
5371
4427
3346
2150
862
-497
-1926
-3411
-4895
-6352
-7783
-9152
-10398
-11478
-12365
-13031
-13431
-13539
-13342
-12854
-12092
-11065
-9810
-8392
-6858
-5252
-3616
-2009
-474
981
2326
3557
4649
5610
6479
7220
7849
8370
8793
9117
9333
9462
9516
9492
9388
9227
9040
8828
8583
8315
8033
7718
7348
6902
6355
5694
4866
3874
2708
1424
21
-1482
-3006
-4489
-5874
-7126
-8164
-8940
-9452
-9691
-9649
-9331
-8761
-8006
-7078
-6021
-4879
-3696
-2497
-1298
-124
1011
2079
3090
4022
4878
5622
6253
6769
7138
7341
7393
7274
6991
6532
5904
5148
4256
3252
2139
953
-300
-1611
-2980
-4368
-5747
-7108
-8424
-9664
-10773
-11725
-12471
-12987
-13229
-13191
-12860
-12247
-11365
-10233
-8921
-7442
-5862
-4232
-2607
-1029
478
1878
3158
4297
5307
6188
6939
7573
8103
8538
8881
9136
9315
9431
9464
9439
9367
9246
9085
8891
8672
8425
8136
7794
7390
6900
6308
5586
4715
3694
2525
1233
-173
-1634
-3101
-4520
-5849
-7019
-7968
-8672
-9112
-9276
-9161
-8787
-8193
-7413
-6475
-5434
-4329
-3206
-2085
-974
81
1079
2016
2883
3682
4395
5029
5574
5995
6303
6485
6518
6404
6142
5723
5160
4469
3644
2720
1692
580
-607
-1844
-3128
-4439
-5757
-7054
-8307
-9474
-10516
-11402
-12097
-12559
-12758
-12680
-12316
-11672
-10764
-9626
-8290
-6828
-5279
-3695
-2124
-608
817
2122
3291
4328
5226
5995
6637
7178
7615
7960
8232
8425
8553
8621
8628
8589
8513
8412
8293
8150
8014
7860
7688
7486
7231
6895
6448
5867
5120
4213
3127
1887
518
-951
-2452
-3922
-5308
-6531
-7552
-8311
-8786
-8974
-8867
-8488
-7870
-7060
-6110
-5046
-3936
-2816
-1728
-674
316
1226
2057
2811
3486
4079
4602
5035
5385
5649
5803
5839
5758
5550
5221
4752
4166
3468
2659
1748
745
-332
-1494
-2727
-3999
-5292
-6581
-7839
-9034
-10109
-11041
-11766
-12251
-12480
-12416
-12061
-11436
-10545
-9427
-8128
-6690
-5181
-3642
-2131
-686
658
1887
2990
3944
4771
5482
6080
6579
6997
7341
7624
7843
8007
8120
8176
8179
8153
8091
8000
7889
7776
7649
7505
7323
7090
6795
6399
5878
5208
4377
3366
2217
933
-449
-1880
-3300
-4650
-5870
-6901
-7694
-8223
-8487
-8466
-8182
-7664
-6970
-6115
-5164
-4148
-3108
-2098
-1125
-219
617
1381
2060
2665
3202
3675
4084
4423
4695
4903
5026
5042
4975
4798
4499
4076
3548
2909
2142
1264
285
-793
-1950
-3178
-4445
-5720
-6972
-8164
-9245
-10192
-10934
-11453
-11727
-11720
-11426
-10871
-10081
-9063
-7869
-6545
-5146
-3723
-2312
-947
332
1514
2577
3530
4349
5046
5646
6149
6570
6911
7194
7419
7589
7712
7796
7845
7871
7860
7832
7795
7750
7697
7625
7527
7379
7163
6846
6418
5830
5076
4142
3062
1825
469
-955
-2398
-3788
-5083
-6220
-7143
-7817
-8232
-8379
-8255
-7882
-7299
-6556
-5701
-4748
-3773
-2813
-1883
-1014
-210
511
1148
1720
2238
2698
3104
3459
3787
4060
4267
4409
4484
4471
4335
4092
3735
3253
2642
1906
1049
75
-1010
-2182
-3405
-4663
-5926
-7156
-8302
-9339
-10213
-10886
-11322
-11508
-11433
-11084
-10476
-9630
-8585
-7377
-6060
-4670
-3256
-1868
-545
695
1814
2801
3668
4393
5017
5519
5928
6268
6535
6749
6918
7058
7170
7264
7348
7428
7503
7585
7676
7764
7850
7916
7942
7895
7764
7513
7100
6504
5717
4731
3570
2256
831
-661
-2149
-3584
-4884
-6007
-6890
-7513
-7874
-7960
-7790
-7378
-6783
-6043
-5215
-4330
-3445
-2589
-1769
-1023
-350
252
783
1271
1718
2136
2516
2876
3204
3492
3738
3917
4023
4038
3936
3713
3382
2936
2365
1660
840
-84
-1122
-2247
-3427
-4647
-5871
-7065
-8188
-9196
-10042
-10689
-11118
-11286
-11193
-10829
-10216
-9380
-8332
-7138
-5840
-4488
-3126
-1793
-530
646
1699
2624
3422
4096
4674
5153
5546
5870
6148
6381
6586
6768
6920
7062
7172
7283
7386
7486
7608
7723
7817
7901
7947
7923
7818
7592
7209
6644
5887
4937
3811
2530
1127
-350
-1841
-3267
-4590
-5748
-6681
-7374
-7814
-7995
-7913
-7596
-7087
-6426
-5649
-4794
-3921
-3050
-2213
-1413
-677
-25
581
1142
1654
2127
2568
2966
3328
3631
3877
4059
4160
4151
4053
3843
3529
3108
2572
1936
1185
332
-617
-1650
-2757
-3904
-5075
-6233
-7339
-8353
-9228
-9923
-10406
-10662
-10666
-10413
-9924
-9207
-8294
-7223
-6038
-4790
-3514
-2260
-1059
56
1060
1957
2737
3407
3982
4469
4891
5252
5573
5860
6113
6347
6557
6748
6919
7082
7230
7381
7517
7664
7792
7894
7958
7954
7864
7650
7295
6765
6051
5149
4079
2859
1509
75
-1382
-2808
-4143
-5330
-6337
-7107
-7629
-7904
-7934
-7719
-7301
-6711
-6006
-5213
-4370
-3529
-2715
-1946
-1226
-585
-2
518
1000
1436
1846
2230
2583
2919
3213
3467
3683
3823
3888
3864
3743
3513
3153
2674
2044
1285
390
-630
-1747
-2950
-4185
-5431
-6625
-7728
-8686
-9459
-10020
-10336
-10393
-10185
-9731
-9055
-8174
-7145
-6000
-4789
-3569
-2367
-1228
-169
776
1613
2348
2972
3520
3995
4425
4809
5158
5500
5823
6134
6423
6693
6937
7161
7370
7564
7735
7893
8028
8131
8205
8217
8144
7959
7648
7176
6516
5672
4642
3444
2097
641
-881
-2401
-3871
-5221
-6402
-7353
-8049
-8481
-8630
-8502
-8134
-7564
-6826
-5984
-5085
-4170
-3293
-2458
-1699
-1029
-442
72
523
935
1318
1675
2038
2398
2753
3101
3424
3709
3935
4075
4109
4029
3806
3430
2890
2193
1337
329
-803
-2024
-3306
-4609
-5874
-7061
-8128
-9025
-9716
-10183
-10390
-10328
-10019
-9468
-8688
-7739
-6653
-5476
-4256
-3039
-1861
-753
254
1161
1948
2626
3207
3717
4162
4551
4914
5253
5570
5890
6193
6492
6773
7050
7316
7579
7834
8075
8294
8480
8636
8727
8742
8645
8411
8013
7427
6648
5654
4474
3124
1625
31
-1596
-3190
-4687
-6023
-7128
-7971
-8539
-8801
-8765
-8458
-7932
-7220
-6399
-5503
-4600
-3733
-2925
-2198
-1571
-1026
-552
-132
259
637
1025
1424
1862
2317
2778
3224
3638
3997
4255
4401
4401
4256
3937
3444
2786
1969
1008
-87
-1275
-2525
-3809
-5081
-6301
-7437
-8434
-9255
-9887
-10293
-10454
-10361
-10032
-9476
-8709
-7774
-6712
-5569
-4379
-3192
-2046
-972
16
903
1697
2384
2998
3536
4021
4467
4882
5285
5672
6051
6419
6773
7116
7432
7726
7987
8217
8412
8561
8669
8724
8708
8600
8391
8062
7591
6945
6119
5125
3965
2652
1221
-275
-1792
-3263
-4634
-5852
-6860
-7610
-8105
-8340
-8303
-8039
-7573
-6960
-6250
-5461
-4670
-3901
-3174
-2497
-1882
-1342
-838
-358
112
583
1072
1587
2122
2668
3208
3714
4172
4541
4794
4907
4874
4679
4302
3752
3039
2176
1179
61
-1136
-2387
-3659
-4914
-6124
-7235
-8220
-9055
-9692
-10114
-10308
-10263
-9991
-9490
-8779
-7903
-6889
-5786
-4624
-3449
-2311
-1218
-207
716
1540
2260
2894
3445
3939
4381
4793
5174
5537
5899
6249
6584
6921
7239
7531
7806
8052
8273
8448
8573
8642
8649
8563
8366
8051
7593
6952
6135
5147
3993
2698
1291
-185
-1670
-3110
-4444
-5621
-6600
-7328
-7818
-8051
-8025
-7780
-7347
-6780
-6122
-5421
-4715
-4023
-3384
-2797
-2264
-1788
-1355
-932
-495
-30
468
1016
1592
2201
2812
3395
3949
4421
4764
4979
5025
4914
4618
4136
3492
2687
1751
677
-482
-1711
-2968
-4222
-5438
-6568
-7586
-8453
-9145
-9630
-9898
-9921
-9722
-9291
-8655
-7843
-6898
-5855
-4734
-3596
-2481
-1422
-423
476
1270
1955
2550
3073
3523
3929
4315
4687
5049
5420
5788
6172
6543
6904
7245
7559
7846
8090
8293
8432
8514
8523
8445
8259
7966
7539
6972
6238
5351
4314
3138
1855
496
-906
-2295
-3616
-4821
-5875
-6721
-7349
-7743
-7907
-7846
-7586
-7178
-6635
-6016
-5336
-4662
-4004
-3375
-2788
-2240
-1729
-1241
-754
-254
278
828
1396
1994
2588
3166
3698
4165
4540
4789
4909
4865
4665
4300
3773
3102
2297
1375
352
-746
-1910
-3079
-4253
-5392
-6461
-7429
-8264
-8946
-9431
-9728
-9793
-9640
-9272
-8699
-7946
-7048
-6036
-4947
-3836
-2725
-1656
-658
262
1078
1796
2430
2984
3476
3916
4334
4737
5134
5533
5929
6312
6684
7045
7370
7669
7925
8147
8314
8424
8475
8450
8364
8181
7913
7528
7014
6365
5571
4634
3578
2393
1115
-214
-1556
-2873
-4106
-5214
-6158
-6891
-7424
-7733
-7823
-7711
-7424
-7004
-6474
-5875
-5249
-4618
-3995
-3395
-2818
-2259
-1710
-1164
-604
-21
579
1207
1836
2470
3066
3624
4106
4498
4757
4877
4855
4675
4347
3856
3229
2482
1620
675
-346
-1415
-2505
-3591
-4661
-5680
-6617
-7448
-8148
-8705
-9069
-9251
-9232
-9011
-8594
-8013
-7269
-6402
-5438
-4427
-3397
-2380
-1403
-473
371
1142
1829
2448
3003
3514
3997
4447
4880
5306
5716
6105
6478
6811
7110
7360
7573
7727
7836
7897
7911
7879
7797
7668
7472
7203
6843
6379
5792
5079
4220
3236
2126
916
-350
-1642
-2905
-4102
-5180
-6096
-6819
-7334
-7631
-7708
-7584
-7286
-6849
-6295
-5665
-5002
-4328
-3651
-2990
-2370
-1773
-1198
-623
-47
531
1118
1716
2323
2912
3452
3944
4351
4655
4832
4874
4773
4517
4118
3577
2914
2140
1272
338
-651
-1669
-2700
-3727
-4722
-5659
-6528
-7296
-7939
-8449
-8791
-8962
-8942
-8746
-8367
-7821
-7134
-6318
-5412
-4457
-3468
-2484
-1531
-628
207
969
1670
2307
2874
3407
3900
4368
4813
5239
5648
6042
6403
6726
7013
7249
7435
7572
7647
7673
7655
7593
7489
7324
7120
6838
6471
6018
5442
4742
3921
2976
1919
769
-444
-1670
-2876
-4018
-5064
-5960
-6678
-7203
-7523
-7636
-7553
-7302
-6904
-6411
-5828
-5202
-4554
-3907
-3264
-2633
-2027
-1420
-819
-193
438
1081
1738
2387
3011
3592
4109
4538
4865
5065
5125
5042
4823
4453
3949
3320
2590
1786
901
-50
-1042
-2055
-3078
-4085
-5062
-5974
-6811
-7547
-8147
-8588
-8862
-8949
-8846
-8547
-8070
-7440
-6657
-5768
-4797
-3784
-2760
-1759
-800
94
911
1645
2295
2864
3380
3837
4264
4655
5030
5384
5719
6046
6352
6652
6914
7145
7342
7507
7628
7725
7772
7776
7726
7602
7403
7113
6712
6194
5540
4743
3825
2773
1621
378
-917
-2212
-3481
-4672
-5736
-6637
-7367
-7887
-8189
-8287
-8188
-7918
-7493
-6949
-6321
-5631
-4907
-4167
-3429
-2699
-1995
-1285
-589
92
766
1438
2094
2725
3324
3879
4365
4768
5069
5251
5308
5221
4996
4629
4129
3506
2761
1923
1007
23
-1003
-2063
-3125
-4173
-5181
-6127
-6994
-7747
-8359
-8813
-9089
-9172
-9052
-8743
-8237
-7555
-6730
-5785
-4765
-3685
-2596
-1536
-529
397
1225
1942
2554
3068
3492
3851
4161
4433
4684
4938
5208
5492
5788
6095
6405
6717
7020
7299
7549
7770
7942
8046
8097
8071
7951
7726
7392
6914
6271
5497
4565
3485
2275
957
-432
-1840
-3243
-4573
-5782
-6825
-7672
-8301
-8687
-8836
-8757
-8474
-8011
-7410
-6704
-5939
-5141
-4335
-3542
-2783
-2059
-1372
-709
-57
572
1198
1829
2454
3078
3672
4216
4708
5099
5389
5551
5575
5442
5154
4720
4143
3430
2604
1686
694
-350
-1435
-2528
-3606
-4661
-5658
-6577
-7398
-8100
-8667
-9066
-9287
-9310
-9147
-8786
-8241
-7521
-6663
-5701
-4658
-3572
-2492
-1444
-460
439
1244
1945
2543
3048
3474
3840
4173
4476
4771
5070
5373
5683
5993
6312
6615
6915
7187
7426
7642
7810
7943
8022
8039
7984
7843
7596
7228
6720
6057
5230
4240
3095
1810
417
-1046
-2537
-3999
-5370
-6598
-7633
-8450
-9017
-9300
-9324
-9080
-8620
-7969
-7183
-6306
-5377
-4441
-3528
-2662
-1866
-1141
-478
135
708
1246
1770
2283
2798
3289
3774
4222
4632
4974
5226
5369
5381
5275
5030
4639
4128
3487
2742
1909
1006
34
-977
-2023
-3098
-4158
-5206
-6193
-7124
-7954
-8654
-9214
-9586
-9755
-9711
-9448
-8968
-8291
-7431
-6443
-5329
-4155
-2975
-1806
-699
320
1232
2028
2691
3237
3674
4027
4317
4560
4778
4985
5186
5401
5622
5858
6099
6335
6576
6809
7023
7221
7387
7520
7614
7649
7615
7492
7264
6912
6411
5742
4901
3899
2738
1440
40
-1416
-2869
-4280
-5585
-6727
-7667
-8369
-8822
-9003
-8932
-8625
-8110
-7444
-6655
-5800
-4919
-4056
-3231
-2460
-1756
-1105
-508
55
603
1154
1716
2293
2893
3488
4071
4625
5117
5523
5817
5985
6007
5876
5585
5138
4543
3829
2988
2050
1034
-47
-1163
-2311
-3461
-4586
-5676
-6707
-7642
-8472
-9163
-9685
-10025
-10156
-10062
-9741
-9196
-8445
-7503
-6416
-5213
-3956
-2685
-1448
-293
754
1662
2414
3017
3479
3814
4037
4194
4299
4392
4492
4616
4786
4993
5255
5546
5866
6194
6525
6846
7123
7349
7515
7604
7608
7521
7321
7011
6572
6005
5295
4453
3480
2379
1190
-87
-1404
-2707
-3969
-5136
-6164
-7019
-7660
-8082
-8268
-8221
-7963
-7514
-6909
-6201
-5420
-4605
-3802
-3017
-2286
-1613
-1005
-451
74
582
1089
1607
2142
2708
3294
3886
4461
4990
5456
5822
6056
6140
6071
5810
5384
4794
4061
3193
2215
1162
60
-1073
-2213
-3327
-4413
-5429
-6359
-7200
-7934
-8531
-8985
-9283
-9413
-9363
-9122
-8695
-8103
-7347
-6455
-5456
-4382
-3284
-2180
-1126
-137
747
1509
2154
2676
3103
3420
3679
3893
4079
4274
4485
4724
4990
5293
5600
5904
6199
6463
6685
6844
6939
6957
6894
6761
6551
6279
5944
5545
5090
4573
3982
3330
2596
1799
926
-2
-975
-1973
-2961
-3913
-4790
-5561
-6198
-6668
-6977
-7102
-7037
-6802
-6421
-5905
-5298
-4626
-3911
-3188
-2475
-1783
-1128
-518
59
611
1150
1668
2178
2684
3172
3635
4067
4450
4758
4958
5047
5001
4817
4501
4041
3457
2758
1981
1149
269
-622
-1499
-2358
-3186
-3958
-4679
-5338
-5920
-6434
-6869
-7221
-7482
-7632
-7660
-7581
-7376
-7028
-6559
-5961
-5254
-4451
-3582
-2670
-1744
-826
36
832
1546
2171
2699
3119
3464
3735
3948
4129
4279
4424
4559
4696
4838
4973
5106
5219
5304
5356
5379
5370
5329
5245
5139
5011
4876
4721
4543
4340
4112
3834
3493
3079
2569
1973
1285
505
-345
-1245
-2165
-3046
-3877
-4596
-5186
-5622
-5884
-5958
-5848
-5574
-5151
-4619
-4001
-3339
-2672
-2023
-1415
-865
-368
43
410
737
1025
1293
1545
1809
2065
2330
2578
2805
2998
3130
3204
3188
3092
2902
2611
2230
1775
1250
673
69
-561
-1194
-1833
-2459
-3071
-3670
-4230
-4763
-5267
-5726
-6122
-6449
-6699
-6844
-6871
-6760
-6522
-6132
-5621
-4962
-4196
-3360
-2454
-1532
-616
250
1038
1736
2324
2786
3136
3371
3513
3584
3597
3576
3542
3522
3497
3500
3534
3576
3644
3721
3815
3910
4000
4079
4157
4226
4290
4344
4399
4445
4468
4453
4389
4249
4016
3686
3244
2678
2011
1237
378
-516
-1422
-2289
-3087
-3777
-4329
-4722
-4944
-5003
-4903
-4666
-4320
-3895
-3428
-2940
-2464
-2016
-1602
-1239
-917
-632
-363
-101
155
440
752
1096
1458
1829
2191
2528
2809
3024
3153
3167
3091
2888
2586
2177
1686
1133
530
-106
-750
-1388
-2022
-2625
-3218
-3765
-4279
-4755
-5181
-5546
-5841
-6068
-6196
-6220
-6141
-5939
-5614
-5168
-4615
-3967
-3244
-2480
-1692
-912
-177
488
1074
1562
1941
2218
2399
2499
2541
2539
2513
2483
2470
2478
2517
2593
2697
2830
2981
3133
3300
3459
3620
3766
3904
4041
4182
4310
4431
4542
4634
4691
4691
4616
4454
4189
3791
3285
2662
1933
1107
229
-668
-1552
-2381
-3129
-3754
-4230
-4577
-4756
-4774
-4657
-4417
-4090
-3699
-3271
-2836
-2407
-2006
-1648
-1325
-1035
-769
-520
-278
-27
234
514
814
1128
1442
1743
2021
2261
2443
2541
2565
2501
2353
2125
1833
1476
1067
632
180
-294
-761
-1235
-1699
-2149
-2591
-3018
-3425
-3812
-4155
-4468
-4726
-4905
-5013
-5021
-4936
-4744
-4450
-4053
-3567
-3019
-2419
-1789
-1159
-549
-1
491
897
1213
1438
1577
1648
1672
1665
1626
1608
1615
1656
1748
1895
2088
2329
2604
2901
3216
3517
3806
4073
4306
4508
4673
4797
4874
4914
4900
4823
4686
4466
4169
3778
3297
2720
2055
1311
510
-331
-1178
-1997
-2764
-3434
-3998
-4427
-4700
-4809
-4772
-4584
-4281
-3883
-3422
-2920
-2415
-1943
-1509
-1122
-810
-552
-342
-170
-15
132
291
468
682
922
1185
1463
1742
1988
2202
2343
2413
2400
2287
2081
1791
1424
1002
539
57
-429
-894
-1349
-1766
-2144
-2488
-2789
-3064
-3309
-3543
-3749
-3940
-4091
-4217
-4282
-4292
-4240
-4093
-3876
-3575
-3196
-2759
-2256
-1729
-1187
-662
-170
268
640
942
1158
1314
1418
1476
1514
1547
1592
1669
1779
1922
2104
2312
2529
2747
2937
3100
3228
3309
3341
3334
3300
3236
3167
3097
3048
3020
3015
3025
3029
3016
2965
2854
2666
2391
2031
1576
1031
426
-219
-867
-1489
-2046
-2514
-2870
-3106
-3213
-3183
-3041
-2822
-2538
-2221
-1899
-1599
-1353
-1160
-1030
-952
-920
-903
-886
-845
-758
-611
-398
-119
223
610
1019
1426
1789
2098
2330
2445
2452
2333
2098
1764
1345
872
361
-168
-690
-1183
-1638
-2051
-2422
-2745
-3022
-3262
-3471
-3657
-3819
-3946
-4033
-4079
-4067
-3988
-3829
-3596
-3281
-2886
-2430
-1908
-1350
-779
-214
314
799
1214
1548
1800
1971
2062
2101
2085
2042
1990
1925
1885
1855
1844
1848
1859
1879
1886
1878
1863
1826
1775
1706
1655
1618
1611
1644
1722
1850
2020
2229
2455
2683
2875
3018
3074
3032
2883
2613
2228
1746
1189
577
-42
-642
-1191
-1659
-2034
-2299
-2447
-2490
-2441
-2324
-2172
-1987
-1809
-1662
-1557
-1483
-1453
-1467
-1492
-1519
-1520
-1472
-1373
-1202
-963
-659
-305
81
491
880
1226
1509
1698
1792
1772
1645
1420
1108
735
314
-127
-563
-983
-1361
-1704
-1999
-2247
-2444
-2598
-2715
-2801
-2865
-2903
-2919
-2910
-2863
-2785
-2656
-2480
-2262
-1988
-1670
-1319
-944
-550
-166
198
537
828
1066
1242
1357
1430
1449
1432
1391
1324
1269
1213
1160
1120
1088
1071
1049
1040
1036
1032
1039
1054
1080
1137
1221
1350
1521
1745
2018
2322
2659
3002
3323
3613
3849
3977
4015
3926
3720
3393
2941
2402
1800
1145
486
-143
-734
-1247
-1673
-2009
-2247
-2387
-2455
-2451
-2406
-2326
-2239
-2159
-2093
-2045
-2014
-1982
-1948
-1894
-1812
-1690
-1521
-1295
-1019
-697
-340
22
385
716
994
1212
1339
1371
1313
1159
916
606
233
-164
-579
-979
-1360
-1692
-1967
-2182
-2332
-2424
-2450
-2427
-2356
-2261
-2144
-2007
-1864
-1722
-1582
-1447
-1316
-1176
-1036
-890
-747
-606
-452
-303
-168
-35
86
196
287
357
415
456
484
497
505
513
524
543
574
610
670
748
837
954
1088
1230
1389
1560
1741
1926
2119
2325
2532
2742
2944
3136
3313
3458
3575
3649
3667
3624
3512
3338
3081
2755
2372
1938
1458
953
445
-63
-544
-987
-1374
-1710
-1978
-2185
-2334
-2427
-2462
-2464
-2441
-2398
-2335
-2267
-2192
-2100
-1999
-1892
-1779
-1636
-1482
-1312
-1132
-942
-747
-561
-388
-245
-128
-50
-34
-59
-138
-255
-407
-580
-761
-947
-1121
-1280
-1405
-1493
-1548
-1564
-1551
-1503
-1432
-1359
-1271
-1191
-1117
-1060
-1010
-972
-941
-896
-869
-816
-747
-662
-553
-428
-272
-94
91
274
462
641
798
942
1056
1143
1202
1241
1247
1231
1218
1196
1191
1189
1208
1248
1311
1404
1519
1659
1819
1994
2184
2372
2555
2720
2856
2965
3024
3054
3032
2965
2847
2677
2463
2209
1915
1590
1235
873
497
120
-241
-594
-917
-1212
-1482
-1714
-1899
-2047
-2150
-2222
-2260
-2265
-2243
-2189
-2131
-2048
-1959
-1855
-1746
-1641
-1517
-1401
-1295
-1184
-1084
-993
-903
-825
-754
-696
-641
-600
-569
-539
-525
-512
-507
-514
-520
-532
-551
-567
-593
-608
-627
-660
-676
-696
-714
-717
-714
-700
-674
-642
-597
-541
-481
-405
-320
-234
-134
-36
68
167
272
364
465
564
653
742
829
904
975
1049
1107
1163
1212
1253
1282
1307
1333
1354
1370
1396
1426
1461
1500
1544
1591
1646
1702
1750
1798
1835
1858
1857
1839
1794
1716
1618
1487
1329
1141
934
705
464
215
-38
-279
-513
-735
-941
-1126
-1297
-1441
-1565
-1671
-1760
-1838
-1888
-1922
-1945
-1960
-1967
-1951
-1928
-1882
-1823
-1742
-1651
-1545
-1423
-1300
-1162
-1023
-898
-763
-635
-527
-427
-341
-271
-216
-175
-147
-132
-128
-135
-153
-165
-176
-189
-198
-207
-218
-218
-220
-219
-213
-205
-177
-144
-95
-49
21
104
191
284
381
490
586
684
771
850
904
955
989
1009
1030
1031
1027
1021
1009
991
977
964
942
918
900
882
859
836
823
798
793
776
761
759
751
756
766
776
777
786
790
778
764
729
682
612
525
432
316
182
46
-93
-244
-383
-510
-639
-745
-837
-916
-983
-1034
-1067
-1079
-1080
-1087
-1085
-1076
-1075
-1068
-1063
-1058
-1050
-1049
-1030
-1007
-990
-963
-927
-880
-818
-754
-683
-598
-512
-426
-335
-257
-187
-109
-43
9
61
99
128
141
144
139
122
116
102
85
59
43
37
39
48
59
83
122
167
212
263
322
382
448
500
552
596
643
686
718
755
778
792
802
803
790
772
747
714
672
620
566
515
456
394
338
293
246
205
171
150
134
127
128
134
141
145
144
140
139
123
99
69
41
-4
-46
-85
-128
-173
-208
-243
-277
-301
-325
-344
-359
-369
-382
-389
-402
-403
-409
-413
-418
-421
-420
-432
-430
-435
-435
-436
-438
-435
-426
-417
-399
-388
-370
-344
-307
-255
-206
-145
-87
-23
36
88
131
171
198
215
221
214
201
177
159
130
88
61
30
5
-21
-34
-37
-42
-26
-11
17
50
94
130
167
208
244
274
307
335
345
346
342
334
321
302
277
252
227
203
188
170
157
143
132
118
114
105
95
93
85
75
65
59
57
58
70
85
107
127
152
182
209
235
255
261
256
245
220
179
133
81
15
-50
-128
-200
-258
-320
-373
-407
-434
-448
-456
-455
-437
-418
-388
-350
-318
-290
-255
-228
-201
-171
-151
-128
-121
-109
-93
-87
-87
-90
-104
-119
-131
-155
-176
-200
-222
-230
-242
-251
-245
-231
-220
-193
-167
-132
-86
-44
4
49
89
128
169
196
217
238
259
274
276
282
282
282
271
260
249
233
207
185
156
129
100
65
36
4
-22
-47
-64
-76
-90
-95
-90
-88
-74
-51
-32
-10
17
41
62
82
103
116
126
142
160
167
169
169
177
182
185
184
176
161
140
124
97
73
52
26
-2
-24
-51
-79
-93
-123
-137
-144
-160
-165
-164
-163
-167
-157
-145
-131
-121
-114
-97
-85
-72
-56
-57
-52
-53
-48
-58
-60
-62
-72
-67
-69
-68
-62
-53
-42
-29
-23
-4
17
36
50
71
75
78
76
69
79
73
74
64
61
58
60
67
71
74
87
95
107
122
118
125
120
117
110
87
76
60
39
14
1
-22
-38
-55
-65
-72
-83
-86
-92
-84
-89
-86
-85
-84
-74
-68
-72
-71
-74
-65
-59
-63
-55
-43
-35
-26
-17
-4
0
11
30
38
54
60
63
64
62
58
46
31
14
-13
-34
-60
-83
-101
-112
-123
-125
-129
-134
-134
-137
-133
-128
-127
-117
-103
-96
-95
-90
-83
-82
-77
-66
-62
-58
-49
-42
-30
-21
-15
-9
3
7
9
19
30
36
41
53
53
51
51
52
56
53
54
56
58
64
56
55
52
47
52
47
45
40
36
21
6
1
-6
-16
-22
-23
-35
-41
-46
-53
-56
-50
-44
-42
-46
-43
-45
-47
-44
-43
-40
-32
-23
-22
-7
8
20
26
39
39
43
57
58
61
60
64
62
59
51
45
41
35
37
30
19
16
0
-6
-12
-24
-29
-38
-44
-51
-54
-55
-42
-36
-33
-23
-17
-17
-13
-8
-10
-6
-12
-26
-40
-51
-66
-82
-93
-110
-112
-120
-124
-121
-105
-90
-76
-54
-32
-16
5
28
46
65
79
88
102
107
101
99
89
85
66
51
39
31
13
10
-9
-31
-44
-63
-73
-80
-89
-95
-93
-99
-93
-87
-82
-79
-76
-72
-63
-50
-44
-37
-42
-35
-47
-50
-56
-64
-65
-79
-76
-77
-70
-65
-54
-43
-33
-12
4
15
27
38
45
59
61
54
60
45
49
38
21
15
-8
-23
-37
-44
-60
-68
-78
-84
-89
-93
-85
-82
-71
-57
-45
-27
0
16
30
54
73
84
92
94
101
97
95
95
92
77
67
58
52
49
43
46
42
41
45
55
57
67
71
78
92
97
98
101
95
92
89
77
65
56
47
35
34
21
22
22
13
18
17
17
25
21
19
12
0
-2
-14
-24
-29
-40
-63
-75
-78
-91
-97
-103
-111
-115
-127
-131
-136
-146
-144
-135
-134
-126
-114
-96
-77
-57
-30
-15
9
25
41
52
70
82
83
92
86
80
73
61
47
30
10
-12
-31
-56
-65
-83
-90
-97
-110
-117
-113
-112
-108
-96
-85
-74
-56
-37
-17
10
23
52
64
83
101
107
116
126
127
125
114
106
95
81
72
57
45
46
39
36
37
39
47
61
71
73
78
77
80
75
72
64
47
34
27
11
4
-8
-21
-22
-23
-27
-27
-29
-30
-29
-31
-34
-40
-47
-55
-61
-67
-69
-71
-67
-64
-61
-55
-50
-45
-44
-45
-37
-34
-34
-32
-38
-35
-40
-46
-46
-43
-33
-33
-26
-22
-19
-19
-14
-14
-16
-22
-26
-36
-41
-45
-52
-54
-68
-75
-75
-79
-83
-78
-76
-77
-75
-75
-70
-65
-54
-46
-33
-16
0
16
37
63
85
111
131
142
151
158
166
176
169
165
164
150
142
131
117
110
101
100
84
85
76
68
75
71
77
68
68
75
60
60
54
49
50
49
54
58
57
59
71
74
75
75
83
82
83
87
91
85
81
79
78
71
68
65
60
54
43
40
33
22
5
-3
-18
-38
-48
-49
-54
-60
-60
-64
-62
-59
-62
-55
-54
-52
-45
-41
-32
-32
-34
-35
-34
-34
-43
-51
-52
-64
-66
-67
-69
-74
-69
-66
-66
-62
-57
-52
-53
-46
-47
-41
-40
-33
-29
-21
-13
-6
2
15
22
29
39
41
45
51
46
43
42
31
25
20
11
7
7
5
6
5
12
21
22
29
44
43
55
61
72
81
84
86
95
98
95
100
94
96
90
79
73
69
64
55
54
45
47
51
50
53
53
56
53
53
49
48
40
38
42
44
39
35
35
29
18
14
10
8
5
-2
-5
-8
-5
-3
2
2
3
5
-1
0
1
3
2
7
12
14
11
11
8
0
-2
-7
-15
-18
-26
-26
-30
-37
-37
-42
-49
-57
-61
-67
-73
-69
-75
-67
-63
-61
-47
-49
-49
-43
-39
-40
-38
-38
-42
-36
-34
-34
-33
-35
-33
-34
-31
-24
-21
-27
-9
-8
-3
5
4
20
30
33
34
28
33
34
41
42
44
49
48
45
44
51
45
47
46
44
43
34
34
31
22
18
8
14
4
0
1
1
-1
-2
1
-13
-10
-12
-17
-14
-13
-15
-15
-19
-13
-14
-2
7
5
21
24
27
32
36
45
53
51
53
58
59
67
70
65
64
51
50
44
43
39
35
31
34
28
25
30
25
20
20
24
18
17
20
15
17
9
4
3
-2
-11
-6
0
1
1
-4
-3
-2
-8
-7
-11
-10
-6
-17
-19
-28
-28
-30
-24
-15
-17
-8
-3
8
11
19
25
21
23
27
21
26
19
17
12
4
-7
-12
-23
-29
-28
-34
-30
-40
-43
-46
-44
-42
-38
-33
-37
-40
-37
-37
-41
-39
-33
-33
-36
-41
-45
-45
-50
-43
-40
-38
-28
-28
-19
-13
-7
1
6
12
17
16
23
24
24
23
20
17
10
2
2
3
4
-1
-2
4
9
10
11
14
14
16
15
18
21
22
20
22
23
19
20
13
5
2
-7
-14
-15
-18
-24
-27
-31
-26
-33
-35
-31
-31
-33
-34
-35
-39
-35
-34
-35
-27
-29
-29
-31
-33
-33
-34
-27
-29
-30
-33
-33
-33
-35
-41
-44
-43
-39
-40
-40
-33
-26
-29
-32
-26
-28
-25
-19
-22
-20
-11
-13
-13
-14
-16
-13
-13
-9
-18
-20
-20
-19
-26
-28
-29
-29
-25
-24
-21
-24
-17
-9
-7
-5
-4
0
7
4
2
-1
0
-2
3
7
16
19
14
17
20
20
20
14
16
23
18
14
3
6
10
7
-1
1
-2
-2
1
-12
-13
-12
-16
-21
-23
-17
-21
-14
-7
2
5
4
15
16
21
25
25
29
22
12
2
-2
-10
-14
-17
-17
-20
-22
-19
-15
-8
-2
-2
2
7
3
10
13
11
9
2
-6
-7
-17
-25
-22
-25
-35
-35
-30
-37
-33
-33
-21
-13
-11
-6
-6
-4
-15
-18
-26
-31
-34
-38
-37
-43
-42
-41
-46
-54
-50
-46
-43
-46
-46
-45
-50
-54
-54
-53
-52
-46
-45
-46
-40
-37
-36
-38
-32
-35
-31
-28
-34
-29
-31
-35
-38
-39
-35
-28
-28
-24
-22
-20
-17
-16
-10
-8
-12
-4
-9
-13
-8
-11
-11
-12
-9
-12
-14
-14
-14
-15
-11
-13
-17
-15
-16
-17
-16
-14
-9
-14
-11
-4
-4
4
0
4
13
15
16
18
30
33
38
32
36
43
35
38
35
32
25
15
14
9
10
6
6
5
0
-11
-12
-12
-18
-16
-26
-32
-32
-33
-38
-37
-41
-40
-42
-46
-48
-45
-49
-51
-46
-44
-37
-37
-31
-34
-28
-30
-30
-27
-23
-20
-18
-19
-21
-14
-17
-18
-20
-24
-23
-25
-31
-30
-31
-37
-36
-39
-36
-38
-37
-29
-25
-20
-16
-16
-17
-17
-26
-26
-28
-39
-36
-29
-29
-35
-39
-42
-42
-43
-38
-36
-36
-34
-28
-26
-29
-29
-24
-11
-13
-15
-12
-8
-5
0
6
11
10
12
15
18
21
17
24
23
26
23
26
29
23
23
29
33
28
24
27
24
18
12
15
11
5
1
-2
-5
-15
-10
-12
-14
-10
-14
-14
-10
-6
-11
-4
-3
-12
-10
-14
-12
-11
-6
-6
-4
-3
5
11
12
19
17
22
17
12
14
7
2
2
-4
0
4
-2
-1
-8
-9
-12
-10
-9
-13
-15
-20
-19
-22
-24
-25
-30
-34
-41
-40
-37
-39
-34
-33
-37
-35
-39
-38
-44
-45
-41
-40
-45
-46
-47
-45
-45
-43
-46
-49
-43
-47
-42
-41
-47
-43
-36
-35
-37
-41
-36
-37
-35
-29
-20
-19
-18
-11
-16
-15
-10
-8
3
4
8
12
15
15
4
12
4
3
5
-3
0
2
2
2
4
6
8
14
16
21
20
23
23
22
22
19
10
14
13
11
15
20
17
16
18
19
22
17
17
11
4
5
3
0
4
0
-1
-1
-7
-13
-14
-13
-14
-14
-16
-19
-23
-25
-23
-24
-28
-33
-30
-22
-27
-26
-24
-20
-19
-19
-20
-21
-21
-28
-37
-40
-47
-48
-55
-53
-53
-50
-40
-35
-32
-32
-30
-34
-30
-31
-32
-27
-29
-32
-32
-28
-26
-22
-19
-21
-17
-12
-15
-9
3
9
14
13
11
15
16
19
18
14
20
18
17
17
9
8
6
8
9
6
11
15
14
12
13
17
23
16
18
20
14
19
14
17
10
6
10
20
20
20
27
28
33
33
38
34
36
31
39
43
43
48
41
42
42
48
44
39
38
33
33
31
29
30
29
32
28
32
25
18
17
13
14
11
6
0
-6
-11
-12
-13
-22
-23
-28
-24
-24
-24
-17
-21
-19
-15
-16
-12
-9
-10
-13
-22
-23
-22
-21
-24
-24
-27
-24
-20
-21
-19
-17
-12
-4
0
3
0
-9
-3
-2
1
-4
2
-1
1
0
4
2
-1
2
5
8
12
21
21
15
20
24
26
32
34
35
31
31
36
33
24
17
14
9
8
5
7
13
17
23
23
25
29
31
27
25
18
14
11
10
9
11
6
-2
5
1
-2
-5
-3
1
-2
7
8
2
4
7
11
11
11
12
9
11
6
-4
-10
-17
-25
-33
-37
-42
-42
-37
-39
-42
-36
-35
-34
-33
-37
-34
-31
-27
-27
-24
-18
-20
-19
-23
-18
-16
-15
-12
-11
-3
-3
-4
3
7
3
1
3
4
5
11
14
17
15
8
7
0
-2
4
9
14
13
13
14
11
2
0
-5
-16
-15
-14
-16
-17
-16
-16
-20
-19
-18
-13
-5
-6
-1
1
2
7
8
10
10
7
5
10
14
18
17
12
8
2
2
3
-1
-2
-2
-4
4
6
2
9
4
0
0
5
7
5
5
3
0
-3
-5
-9
-6
-12
-14
-18
-11
-3
-11
-6
-5
-8
-7
-3
0
2
11
9
7
3
0
-1
-4
-4
2
5
10
9
14
17
14
14
15
23
29
30
29
29
27
14
14
8
3
0
-8
-9
-11
-8
-3
1
-2
4
6
1
0
2
2
-2
-1
-1
-3
-10
-8
-16
-14
-13
-17
-11
-7
-4
3
7
10
13
18
20
11
12
10
9
9
2
-11
-17
-20
-22
-21
-23
-25
-18
-13
-12
-5
-2
-5
3
0
-1
5
9
12
19
13
15
11
-1
-7
-19
-27
-26
-30
-32
-27
-19
-11
-8
-6
-1
1
4
4
3
4
2
5
0
2
3
-2
-3
-5
-8
-2
9
13
20
21
24
26
18
15
9
11
13
12
12
19
22
22
17
11
11
11
7
13
21
22
25
24
32
33
26
23
25
13
12
6
6
6
9
11
12
14
17
26
34
36
32
35
36
47
39
38
37
24
19
17
15
13
11
4
7
0
-1
5
8
9
7
13
19
17
19
21
11
1
-10
-11
-18
-24
-24
-29
-29
-28
-28
-30
-31
-37
-36
-32
-29
-26
-17
-7
2
1
4
-1
-6
-4
-11
-9
-8
-11
-9
-6
-11
-5
-6
-10
-10
-7
-5
-3
-1
7
9
7
12
1
3
3
-1
4
2
4
9
6
8
17
19
17
17
25
27
25
26
33
31
23
24
20
22
21
22
18
18
13
11
16
13
12
14
19
9
5
9
6
7
7
9
14
7
2
5
6
9
11
10
10
4
3
7
-1
8
18
28
31
29
27
28
21
15
9
3
-5
-9
-7
-2
4
-3
2
6
8
7
10
10
8
13
9
6
4
-2
-3
-8
-17
-15
-22
-24
-20
-21
-16
-16
-18
-17
-12
-16
-16
-22
-25
-24
-25
-23
-21
-15
-10
-10
-17
-14
-12
-15
-15
-21
-25
-22
-19
-18
-20
-21
-19
-18
-23
-24
-17
-19
-19
-15
-17
-7
-2
-1
2
1
2
2
7
5
6
8
7
15
18
25
23
25
20
21
21
9
10
2
-2
1
-5
-3
-7
-10
-12
-13
-7
-11
-7
-4
-3
0
2
-1
-1
1
1
3
9
20
16
16
11
2
3
2
2
2
6
7
17
20
20
19
11
13
7
7
2
-2
-1
1
2
6
4
7
4
-4
2
-4
-4
-1
-1
3
-1
-7
-4
-6
-8
-5
-9
-16
-16
-17
-17
-10
-8
-9
-9
-6
-6
-7
-10
-11
-15
-25
-21
-26
-30
-20
-15
-17
-7
-12
-9
-15
-16
-14
-9
-10
-11
-5
0
-2
-3
-13
-9
-11
-15
-16
-17
-17
-21
-16
-19
-20
-22
-20
-20
-17
-6
-7
2
9
15
14
13
18
8
12
15
7
4
10
1
5
3
-5
-4
-6
-12
-12
-19
-24
-17
-20
-11
-8
-10
-15
-13
-17
-12
-5
-10
-8
-9
-3
-1
-2
2
-3
-6
-5
1
-4
-10
-9
-5
-6
-3
-3
0
3
-7
-3
-1
-6
-16
-6
-5
-6
-3
-4
-7
1
2
-1
1
4
10
8
7
3
-3
-10
-12
-19
-17
-12
-13
-8
-4
-2
3
-1
-2
-1
-4
-11
-14
-14
-27
-29
-29
-30
-32
-27
-21
-21
-16
-15
-11
-11
-15
-8
-12
-5
-5
-9
1
-3
-3
-9
-11
-10
-14
-12
-13
-13
-8
-8
-8
-11
-12
-10
-11
-6
-2
-3
9
10
11
14
17
18
16
18
17
12
9
11
9
9
12
12
6
12
2
-1
-2
-7
-14
-13
-9
-12
-17
-12
-4
-8
0
-3
-3
0
6
7
12
22
21
28
25
27
27
24
23
19
26
23
26
30
30
33
29
31
20
18
16
17
14
16
21
20
24
22
19
19
26
24
26
24
20
15
10
14
9
8
10
17
13
17
20
15
12
8
12
11
12
16
12
6
7
-2
-8
-7
-11
-13
-7
-4
-3
-5
-11
-9
-7
-13
-4
-6
-6
0
-4
-6
-4
-1
-4
-9
-12
-13
-14
-15
-14
-19
-24
-19
-18
-16
-13
-12
-9
-10
-6
-6
4
10
12
13
9
6
10
9
9
17
12
10
13
12
3
2
0
-2
-3
3
0
-1
-1
-4
-2
-4
-3
-5
-6
-9
-2
7
12
11
18
20
19
24
24
25
27
23
18
15
20
18
23
27
28
25
24
13
15
16
13
23
29
33
37
40
45
46
50
47
49
50
48
48
47
44
39
37
34
32
31
26
27
33
26
24
19
25
21
20
24
24
30
22
17
19
16
9
8
4
10
10
7
9
10
10
4
4
6
9
12
12
12
9
3
0
-4
-9
-11
-7
-6
-5
1
0
-3
-2
-7
-3
2
4
-2
-1
4
6
10
5
10
9
8
8
12
15
12
19
19
23
26
23
27
26
19
15
11
4
3
2
1
1
-1
-3
-8
-3
-1
2
11
12
19
20
21
18
25
28
26
26
15
19
18
24
20
19
16
21
19
20
22
18
14
7
15
11
20
20
26
32
25
25
29
36
30
32
36
31
28
29
29
29
26
22
28
33
30
29
33
33
27
34
30
25
27
28
30
34
29
21
21
18
9
9
7
10
15
15
22
17
17
16
15
21
16
19
24
23
19
22
23
19
20
21
21
20
17
19
19
18
18
15
16
15
18
20
16
16
11
9
9
5
3
3
6
3
7
6
2
4
4
1
-1
6
6
9
11
14
11
9
9
6
2
4
2
6
-1
2
9
14
25
12
25
31
30
36
30
30
33
29
22
16
16
20
18
24
19
16
19
22
21
16
11
11
20
12
18
20
18
21
24
22
24
25
26
30
30
34
38
41
34
36
33
37
45
36
39
42
35
27
28
22
20
18
18
15
23
14
13
11
13
8
3
4
-6
6
2
2
1
3
4
4
15
10
16
16
16
13
7
-1
4
8
0
4
3
6
5
5
2
-2
-4
-6
-8
-5
-4
3
5
3
2
1
-5
-5
-5
-7
0
1
3
2
10
9
9
6
3
4
5
-1
-2
-8
-8
2
-7
-4
-5
-7
-5
-2
-3
-2
3
9
7
8
13
13
19
11
20
18
18
18
15
8
5
10
10
8
8
6
-1
3
3
7
9
12
18
12
16
18
17
19
18
19
19
18
18
15
21
22
24
25
17
19
21
24
22
21
21
25
26
28
22
19
22
20
19
11
8
2
-4
-8
-13
-13
-13
-5
-6
1
4
9
8
2
-1
-2
5
5
5
5
6
-3
-4
-8
-20
-12
-18
-20
-19
-21
-22
-12
-14
-16
-9
-6
-6
-4
-6
-10
-11
-12
-7
-12
-9
-8
-6
-6
-9
-13
-9
-8
-12
-11
-9
-7
-9
-14
-9
-7
-10
-14
-11
-6
-13
-12
-6
-6
-5
-6
-5
-3
-1
5
4
3
3
2
7
10
13
10
7
4
5
0
-6
-3
-10
-13
-11
0
-2
-5
4
8
5
8
13
8
3
9
11
10
9
6
11
15
13
12
6
3
2
4
-3
-9
-4
-1
-2
-2
0
5
5
3
0
3
8
4
2
1
1
-10
-9
-9
-17
-10
-6
-6
-6
-6
-5
-8
-5
-5
-4
1
6
11
6
0
-2
1
-5
-5
-10
-18
-10
-20
-16
-19
-20
-15
-17
-17
-16
-19
-17
-12
-11
-13
-8
-12
-10
-13
-13
-11
-15
-11
-7
0
-4
0
2
-2
-3
-3
-10
-15
-20
-15
-27
-33
-29
-22
-19
-21
-16
-11
-15
-10
-12
-8
-10
-7
-2
-12
-14
-18
-18
-19
-21
-25
-28
-27
-24
-25
-25
-19
-22
-21
-14
-10
-8
-12
-6
-6
-12
-8
-13
-8
-8
-13
-7
-4
-6
-13
-12
-13
-9
-6
-13
-8
-15
-21
-17
-25
-27
-26
-20
-16
-12
-16
-14
-10
-9
-13
-13
-16
-14
-12
-12
-10
-6
-8
-12
-10
-12
-5
-8
-11
-10
-10
-13
-13
-15
-11
-10
-8
-12
-23
-22
-15
-26
-27
-21
-22
-16
-19
-17
-19
-22
-18
-17
-16
-17
-16
-17
-18
-9
-14
-17
-15
-17
-17
-20
-19
-14
-21
-25
-20
-23
-16
-23
-25
-22
-27
-26
-24
-22
-30
-24
-22
-17
-19
-23
-19
-20
-18
-14
-9
-9
-5
0
-3
-3
3
1
-1
1
0
-9
-10
-10
-12
-10
-16
-18
-19
-14
-10
-10
-8
-11
-7
-1
-5
1
3
1
4
0
3
1
0
-3
-2
-1
-2
-6
-12
-3
-7
-12
-9
-18
-16
-10
-14
-8
-11
-11
-10
-11
-10
-15
-12
-15
-18
-18
-13
-12
-11
-9
-14
-15
-18
-16
-16
-14
-9
-15
-16
-12
-14
-12
-15
-10
-15
-23
-17
-20
-25
-28
-23
-22
-21
-26
-28
-24
-25
-24
-17
-16
-13
-15
-14
-7
-6
-6
-4
-5
-3
-6
-12
-13
-14
-13
-13
-17
-13
-12
-13
-12
-15
-22
-20
-17
-16
-20
-25
-24
-21
-22
-23
-17
-19
-16
-11
-2
-6
-4
-3
-2
1
1
5
-2
-1
-3
2
0
-2
-1
-6
0
-6
-2
-3
-1
1
0
-3
3
1
7
4
3
4
3
3
4
5
9
9
4
11
10
14
12
12
9
8
10
8
0
6
13
12
9
11
0
1
7
10
17
8
11
10
14
8
1
5
-1
0
6
11
12
7
7
2
0
6
5
8
2
11
10
8
6
-1
-1
-4
0
-10
-5
-8
-12
-10
-9
-12
-13
-11
-18
-12
-6
-8
-4
-5
-5
-8
-8
-12
-12
-19
-23
-18
-20
-16
-7
-5
-3
-6
0
0
-1
0
-1
1
-5
-3
-9
-14
-15
-18
-19
-15
-12
-9
-16
-14
-9
-9
-8
-2
2
-3
-7
-7
-3
3
8
5
4
5
-2
-1
3
-7
-2
-1
-3
0
2
8
16
12
14
11
11
13
15
18
20
20
24
21
18
17
20
21
14
7
7
5
7
12
8
9
7
0
6
9
7
8
11
14
17
14
20
24
16
23
26
25
31
28
23
27
24
21
22
18
18
11
11
13
1
0
1
-6
-5
1
2
6
2
5
2
4
4
0
6
2
6
4
10
13
13
14
12
16
11
10
6
4
5
3
10
11
12
12
13
13
14
12
9
6
4
3
-4
-7
-8
-5
-2
-1
-3
-5
-2
0
3
2
5
6
4
12
14
16
22
21
23
24
26
27
21
21
19
13
14
11
14
12
7
14
14
16
25
22
23
29
31
34
35
35
38
46
43
41
42
40
32
25
23
20
15
11
19
18
19
16
14
14
15
13
18
17
22
23
19
19
26
30
27
26
27
25
25
29
29
30
24
27
23
23
20
15
13
14
12
2
10
7
7
6
8
11
9
10
8
8
0
-2
2
8
7
13
17
8
14
7
5
5
1
-3
-2
-1
-2
3
5
3
10
9
5
5
8
6
1
5
10
4
9
5
5
5
-4
-3
1
0
-4
2
6
5
6
5
6
7
8
7
10
13
15
17
14
18
10
6
8
8
7
5
9
13
6
5
12
7
16
15
11
13
12
11
9
5
1
6
3
0
14
18
12
17
18
12
8
8
9
2
12
12
13
18
15
15
16
24
24
19
19
13
18
20
23
29
30
25
22
23
17
15
10
11
6
4
4
3
8
15
21
11
11
7
7
6
7
3
1
5
2
-1
1
3
3
6
-2
-1
-3
-3
0
1
6
7
2
-4
-4
0
1
2
-1
1
5
-1
11
11
12
16
16
17
11
13
14
16
14
10
4
-1
0
5
3
0
0
3
7
7
7
9
10
7
4
-7
-6
-3
7
10
5
6
13
18
20
23
22
25
18
16
14
6
0
-2
-4
-3
1
2
5
7
9
13
17
21
25
26
25
23
23
23
19
20
19
20
22
20
20
19
19
17
13
11
8
8
4
2
4
0
-3
-3
-4
-7
-6
0
-5
-4
-2
-2
4
11
9
8
9
-5
-3
5
-2
-5
-5
-1
2
-3
-7
-7
-6
-14
-14
-7
-6
0
2
10
10
2
7
4
0
1
-5
-11
-10
-17
-13
-18
-18
-18
-21
-17
-19
-11
-5
-5
-5
-6
-7
-8
-6
-8
-9
-3
1
-8
-2
6
2
2
-3
2
-2
-1
2
-3
4
0
-3
-3
-1
-2
3
1
4
12
8
8
5
12
6
9
8
11
12
12
15
12
13
13
8
6
9
6
3
-2
1
4
5
0
5
12
1
-1
-7
-10
-9
-8
-8
-6
-3
-8
-7
-11
-9
-12
-10
-12
-9
-8
-9
-11
-9
-1
-6
-2
-1
1
-1
-5
0
4
1
-1
4
2
2
0
4
-5
2
6
-1
-3
-6
-11
-17
-11
-14
-5
-3
-4
0
-6
-1
-7
-10
-7
-6
-6
-5
-10
-13
-9
-5
-8
-4
-6
-17
-13
-18
-17
-19
-21
-28
-29
-18
-18
-19
-17
-17
-16
-14
-10
-4
2
6
3
7
9
14
15
10
8
12
2
2
2
-4
-2
6
8
7
8
5
9
6
10
5
0
0
-4
-6
-8
-5
-5
-8
-2
2
5
7
6
11
7
9
2
8
4
0
6
7
16
12
15
9
8
7
6
9
3
7
8
3
3
0
0
4
-4
-3
-1
-4
-1
2
2
0
3
4
10
7
7
13
6
14
15
4
2
2
-3
4
5
-6
-5
0
-8
-6
-5
-2
1
-6
-3
-3
-5
-1
-4
-5
1
6
6
5
9
11
6
8
8
6
17
8
6
3
8
9
7
10
2
7
8
7
7
9
13
10
11
15
11
9
6
3
4
8
3
3
2
-2
4
1
0
2
7
8
5
10
10
12
14
14
17
18
12
15
16
13
16
17
24
17
22
22
26
25
22
20
17
8
7
11
14
9
6
7
5
16
4
11
15
12
6
6
7
0
-2
-4
3
4
2
2
1
-4
-7
-8
-8
-11
-7
-3
-6
-6
-3
2
-1
2
-1
-5
-6
2
1
3
5
6
6
8
8
9
10
14
10
7
1
1
3
0
-3
-1
-3
0
6
1
3
6
7
1
-3
-4
2
0
-1
0
1
2
-4
2
4
2
3
4
5
4
5
6
0
4
11
9
4
5
4
-4
0
-4
2
6
5
5
11
11
9
14
14
9
10
12
8
4
6
9
7
4
4
0
3
8
3
7
9
13
16
20
17
14
18
15
12
14
11
5
5
5
3
2
6
6
6
9
3
1
0
-3
1
-1
5
5
4
3
3
3
1
-2
-6
-2
3
-2
3
3
7
11
5
11
13
18
13
16
13
10
4
1
-1
-2
-1
-3
-8
-7
-6
-10
-5
-2
-4
3
7
7
5
5
1
4
7
4
6
1
0
1
5
10
7
13
6
4
4
3
4
11
9
3
8
3
7
5
1
6
8
-1
4
-1
-1
-7
-9
-3
-4
-4
-2
-1
2
6
5
-2
-2
5
0
-1
0
2
3
0
-3
-1
2
-3
3
5
-1
-10
-8
-8
-11
-2
-1
2
3
4
4
3
6
5
6
5
7
8
13
14
9
8
10
9
11
12
9
13
3
2
-3
-5
-4
-11
-13
-19
-17
-12
-12
-13
-7
-1
-1
2
4
2
4
-2
-4
-1
-3
2
1
8
5
-1
3
-3
-6
-7
-2
0
0
-6
-8
0
0
-1
-2
-7
-3
-1
-5
-2
-3
2
-1
2
-1
2
7
0
1
1
-1
-2
-5
-3
-3
-1
-2
-7
-2
-2
-8
-3
-4
-12
-6
-2
-5
-5
-7
-7
-9
-17
-13
-16
-10
-12
-11
-10
-9
-7
-4
-5
1
0
4
4
4
11
8
10
9
8
2
8
11
11
7
14
15
11
17
10
9
5
2
3
5
11
8
10
15
8
11
9
0
2
4
3
5
3
7
11
7
11
3
9
10
11
20
21
18
14
14
16
18
21
19
14
13
8
5
9
7
7
5
7
10
14
1
1
2
-4
-1
-7
-5
-4
-6
-3
-2
-4
-6
-8
-6
1
1
7
15
5
7
9
4
6
7
11
8
7
9
3
0
4
-1
6
-1
4
2
1
6
-1
7
-1
-1
2
2
4
-2
0
2
5
-1
1
6
11
13
15
12
15
13
21
20
13
13
10
16
10
14
12
13
18
13
8
3
3
8
8
5
6
10
11
5
4
11
13
12
19
21
25
24
20
25
14
10
14
20
14
17
21
13
19
17
15
20
14
10
9
11
12
9
1
3
8
4
1
11
9
8
8
5
8
9
12
6
11
10
9
6
1
5
11
4
7
8
3
8
8
6
5
3
-5
0
4
2
-1
-1
0
-3
-3
-3
-3
-8
-9
-15
-18
-14
-12
-13
-11
-11
-11
-9
-16
-12
-13
-17
-13
-11
-9
-6
-4
-7
-14
-15
-15
-16
-12
-11
-9
-4
-14
-9
-9
-10
-11
-8
-13
-12
-9
-15
-4
-9
-9
-6
-4
-4
-1
6
1
-1
-1
-5
0
-6
-3
0
-3
1
7
11
9
17
13
13
16
14
8
8
13
6
7
13
15
12
15
13
15
21
20
18
22
16
16
22
19
11
5
2
4
4
2
0
4
1
-2
-3
-4
-8
-8
-13
-20
-17
-16
-16
-20
-18
-16
-13
-17
-13
-12
-11
-13
-7
-13
-18
-19
-28
-22
-25
-23
-21
-24
-18
-27
-25
-23
-27
-25
-18
-19
-15
-18
-15
-8
-13
-8
-2
-1
-6
-4
-6
-2
-3
-10
-10
-19
-20
-19
-15
-20
-12
-6
1
-1
-8
1
1
6
8
5
2
4
4
3
0
-8
-5
3
7
3
8
3
0
2
-3
-1
-4
-9
-8
-3
3
4
11
4
-1
-2
1
2
1
-1
1
0
-3
1
-3
4
3
-3
1
4
0
4
7
1
2
0
-4
0
0
-3
-7
-6
-14
-12
-10
-14
-13
-14
-13
-12
-15
-11
-9
-9
-4
-3
-6
-2
-3
-11
-8
-9
-3
-4
-7
-3
-4
-8
-2
-10
-9
-8
-11
-5
-12
-13
-7
-6
-6
-7
-8
-4
2
-9
-9
-13
-19
-14
-12
-14
-14
-14
-8
-7
-8
-7
-3
-7
-7
-5
-7
-6
-5
-5
-6
-10
-6
-7
-12
-10
-15
-12
-11
-17
-14
-8
-12
-12
-11
-1
-5
-1
5
6
14
6
4
5
5
-2
-2
-4
-3
-10
-8
-2
6
5
1
-2
2
7
3
1
-3
-6
-11
-14
-17
-18
-14
-10
-6
-3
-4
-6
-3
-9
-10
-6
-12
-12
-12
-6
-1
6
3
2
8
6
3
5
2
1
-3
-4
-6
-1
0
-6
-7
-14
-14
-15
-13
-8
-8
-10
-11
-9
-6
-5
1
-3
-9
-4
-8
-5
-9
-11
-8
-10
-18
-23
-23
-24
-22
-26
-25
-19
-20
-25
-22
-32
-27
-23
-17
-14
-16
-8
-11
-13
-11
-8
-8
-8
-10
-6
-6
-10
-10
-11
-12
-13
-15
-17
-14
-21
-20
-20
-17
-8
-4
1
-1
-3
-5
-12
-12
-12
-6
-2
2
1
2
6
3
3
5
3
0
-2
0
-5
-4
2
1
-4
2
4
-4
2
2
5
9
10
15
18
16
20
20
18
15
15
16
17
13
12
11
4
6
4
2
-1
0
12
7
-1
4
8
5
8
1
6
4
0
6
5
0
2
7
3
2
-1
-2
2
7
11
1
-3
-5
-8
0
1
-1
-3
0
0
-2
3
1
-5
-14
-8
-8
-10
-10
-9
-8
-14
-6
-5
-9
-6
-11
-11
-10
-14
-9
-9
-12
-8
0
-4
-2
2
-1
2
-3
-4
-3
-8
-7
-2
-2
-4
-4
-2
-5
-8
-6
-6
-13
-6
-7
-11
-5
-5
-7
-9
-4
-6
-2
3
2
4
-5
-3
-6
-6
-11
-13
-15
-15
-13
-9
-12
-16
-15
-16
-12
-10
-10
-8
-6
-4
0
0
-8
-1
-5
-2
-3
-4
-2
-4
-2
-2
-3
-9
-8
-8
-12
-12
-7
-8
-8
-9
-7
-1
-2
3
-2
0
2
-3
-2
-5
-6
-3
-1
-5
-5
-7
-3
-3
-5
-3
-1
4
6
7
5
-4
0
1
-1
-5
-10
-6
-13
-2
-4
-8
-3
-12
-16
-15
-13
-16
-15
-22
-21
-21
-19
-19
-10
-18
-17
-9
-13
-8
-11
-6
-6
-8
-9
-14
-14
-12
-12
-12
-15
-10
-14
-8
-8
-7
-8
-6
-10
-16
-13
-15
-16
-11
-9
-7
-5
-12
-9
-1
-8
-10
-8
-8
-7
-6
-4
-8
-8
-6
-6
-8
-6
-6
-17
-15
-16
-12
-12
-11
-6
-11
-4
-8
-3
-4
-14
-13
-15
-9
-12
-12
-15
-5
-7
-6
-8
-6
-8
-9
-9
-9
-16
-19
-10
-13
-12
-12
-12
-12
-10
-6
-4
-4
-2
-3
-8
-7
-7
-15
-16
-16
-12
-14
-13
-8
-8
-5
-9
-8
-6
-14
-16
-19
-18
-15
-17
-13
-16
-15
-16
-20
-16
-25
-24
-18
-22
-17
-18
-24
-23
-18
-22
-21
-17
-9
-10
-11
-10
-5
-6
-6
-8
-9
-7
-9
-16
-16
-21
-28
-15
-22
-20
-21
-23
-21
-17
-17
-12
-8
-11
-10
-4
-5
-7
-8
-12
-11
-13
-11
-4
-5
-3
-10
-5
1
-6
-5
-4
-6
-3
0
-4
-4
-4
-13
-14
-13
-10
-14
-17
-16
-15
-9
-12
-9
-10
-12
-12
-8
-6
-4
-10
-11
-15
-13
-11
-14
-9
-15
-13
-10
-17
-21
-16
-16
-20
-13
-16
-15
-15
-15
-12
-14
-10
-12
-7
-12
-10
-6
-5
-4
-5
-8
-11
-11
-12
-19
-25
-18
-15
-20
-19
-17
-20
-22
-17
-22
-18
-20
-15
-18
-23
-20
-16
-20
-18
-15
-22
-18
-20
-27
-25
-22
-25
-22
-27
-22
-25
-24
-24
-26
-22
-22
-23
-25
-22
-26
-22
-21
-22
-17
-13
-17
-19
-22
-19
-15
-21
-8
-9
-20
-18
-17
-20
-19
-21
-26
-19
-22
-19
-27
-23
-26
-26
-15
-18
-15
-15
-15
-11
-15
-12
-11
-12
-13
-14
-12
-15
-14
-17
-16
-14
-8
0
5
7
7
6
-4
1
2
7
2
-5
-6
-6
-8
-5
1
-4
-4
-2
-5
-11
-11
-10
-10
-6
-1
-2
0
4
1
-1
2
-2
-7
-9
-4
-9
-6
-9
-8
-10
-21
-20
-21
-18
-23
-18
-13
-16
-14
-9
-12
-15
-17
-16
-16
-11
-14
-14
-10
-7
-7
-11
-9
-8
-10
-10
-5
-2
-4
-6
-1
-7
-12
-10
-5
-10
-9
-17
-21
-19
-18
-13
-13
-7
-7
-3
-3
-8
-8
-1
-4
-2
-1
-1
-3
-3
-4
-12
-13
-15
-11
-12
-12
-10
-14
-8
-6
-8
-8
-12
-24
-28
-28
-27
-28
-20
-15
-10
-7
-4
0
-2
3
0
0
-6
-8
-5
2
-2
-4
1
-6
-2
-2
-8
-13
-17
-18
-23
-18
-16
-14
-15
-13
-11
-11
-3
-1
-6
-1
-1
1
-3
-14
-14
-9
-6
-9
-3
-1
-4
-2
-5
-10
-7
-7
-5
-6
3
-1
-4
1
-11
-6
-6
-11
-12
-11
-12
-17
-12
-7
-15
-13
-5
-6
-8
-5
-3
-4
-8
-11
-10
-12
-11
-10
-17
-16
-22
-28
-21
-26
-18
-19
-15
-15
-17
-16
-17
-19
-20
-13
-14
-18
-7
-12
-10
-1
-7
-6
2
9
9
7
7
3
8
9
3
5
11
11
12
12
7
6
3
2
7
8
2
-1
-1
-3
-6
-4
-5
-6
-8
-5
-11
-13
-12
-8
-9
-17
-10
-5
-8
-6
-1
3
0
2
3
2
-1
-4
-1
3
5
14
5
7
14
13
6
5
7
3
1
2
6
-5
-1
0
-3
1
3
5
4
7
2
-4
1
-4
-10
-4
-3
-2
-3
5
6
5
11
9
6
3
10
9
3
4
4
4
-2
1
0
-1
-1
-5
-9
-8
-7
-2
-3
-2
4
5
8
13
11
9
12
10
12
14
3
6
9
10
10
11
5
6
5
0
5
7
5
-3
-1
0
-5
-9
-12
-6
-6
-10
-7
-6
-8
-8
-8
-7
-8
-9
-2
-7
-6
-10
-7
-3
-1
1
5
3
-3
3
0
6
6
7
6
12
16
18
19
19
20
10
11
16
11
14
10
3
-2
0
-5
-3
1
3
2
-3
2
4
4
4
11
8
3
8
5
4
2
-1
-1
3
0
-6
0
4
6
0
-4
-9
-4
-8
-5
-1
-1
-2
-8
-8
-7
-11
-11
-6
-6
-16
-16
-9
-16
-14
-15
-12
-16
-10
-10
-11
-3
-3
5
10
6
8
8
9
7
8
6
3
3
10
9
1
2
-3
3
-5
-9
-7
-2
4
7
3
1
1
2
8
8
12
8
6
2
4
7
10
14
9
10
7
10
2
9
7
4
12
3
3
-2
-4
-2
-5
-4
1
0
0
5
-1
-3
-9
-2
-5
-7
-3
-7
-8
-8
-6
-3
-4
-5
2
0
1
3
6
0
-3
-1
1
-1
-1
-2
-2
-2
2
3
3
0
3
-2
-4
4
-2
7
7
9
7
6
3
4
5
6
6
7
11
4
13
14
12
14
13
14
13
11
20
17
15
13
15
20
10
16
13
13
9
13
11
8
6
3
3
2
3
-1
3
7
9
10
9
12
7
11
7
9
15
12
10
8
7
3
7
8
10
1
-5
0
-1
9
9
13
15
14
18
21
18
18
17
14
12
10
16
10
18
18
20
14
10
18
10
13
10
10
5
8
3
4
12
1
6
5
6
11
7
14
17
7
10
12
11
8
7
12
13
15
16
11
17
19
19
16
14
18
18
13
21
24
16
16
5
8
10
7
8
3
6
8
3
0
3
7
7
2
4
8
9
1
4
14
7
12
21
10
11
11
12
13
8
8
-3
2
-1
-7
-1
2
10
10
12
17
11
8
21
23
21
23
21
22
23
19
26
24
19
19
16
12
12
11
8
11
0
1
1
2
-5
-4
0
3
7
3
5
1
8
5
8
5
4
7
-4
-1
-1
-3
-1
-4
-3
-3
2
6
12
12
9
11
12
8
9
4
4
7
5
8
8
7
14
8
8
12
13
11
9
10
6
9
11
17
17
20
15
15
10
9
16
5
5
5
1
3
3
5
3
2
2
-2
-3
-2
-2
-5
2
3
2
7
5
-2
-5
-5
1
-3
-6
-4
-2
5
8
1
0
5
-4
-2
-1
3
4
1
3
2
1
6
6
3
4
-5
-4
-3
-5
-3
-4
-4
-4
-5
-2
-4
-8
-9
-5
-1
1
-1
7
7
3
3
-1
-4
-12
-7
-4
2
0
7
8
4
6
9
9
6
4
-3
-1
1
1
-4
6
11
2
4
8
10
8
5
9
7
5
2
1
9
3
6
-3
-5
-1
-3
-4
-7
-1
-4
-4
-4
-5
0
-4
-5
-8
-7
-1
-8
2
7
3
12
13
21
16
8
9
6
6
9
0
2
9
1
5
4
10
8
11
10
11
11
12
9
4
3
-1
6
3
8
7
4
8
-5
-4
-8
-6
-5
-4
0
-4
-2
3
1
4
0
-1
-1
0
-4
-10
-15
-17
-14
-20
-20
-21
-17
-20
-22
-18
-12
-17
-9
-12
-11
-9
-11
-10
-8
-10
-13
-3
3
3
0
5
0
0
5
7
5
5
11
6
2
2
1
0
-4
-4
-6
-12
-10
-10
-7
-6
-13
-13
-8
-6
-6
-2
-3
-2
2
-1
-2
-3
1
2
-4
-9
-10
-9
-8
-12
-3
-3
-3
-4
-10
-15
-14
-11
-15
-10
-9
-5
-10
-1
-2
-4
-2
-3
-3
2
0
-2
0
2
1
2
7
1
4
2
1
0
-2
0
3
3
-3
-2
0
-3
-4
0
-4
-3
-6
1
-1
-10
-9
-11
-12
-14
-8
-9
-13
-10
-10
-16
-15
-21
-13
-8
-9
-5
-3
-3
-3
-9
-14
-13
-21
-14
-12
-6
-8
-9
3
5
1
-3
-3
-4
-11
-7
-9
-8
-7
-4
-1
0
2
6
5
7
6
3
8
1
3
7
4
2
4
2
0
-4
-3
1
1
-3
1
4
5
6
4
11
1
-2
1
2
4
3
-2
-3
-1
-2
4
-3
5
8
8
10
10
10
3
12
24
21
16
17
16
13
12
4
7
-2
0
0
4
1
-7
2
7
6
1
4
0
3
1
0
4
0
-6
-5
-8
-11
-10
-2
5
9
6
2
0
3
-1
-2
-7
2
3
-3
-2
-3
0
3
3
8
13
3
3
3
2
11
10
10
17
10
13
12
8
11
14
17
18
13
12
13
10
-2
-1
-2
-7
0
4
1
9
10
16
21
19
25
25
24
17
22
25
17
15
15
10
4
4
11
5
4
2
8
11
9
10
9
7
10
7
7
18
20
21
17
14
8
10
12
12
8
9
12
7
4
4
0
-5
-3
-6
2
-7
-4
-3
4
4
5
8
7
10
2
7
4
7
3
2
5
4
2
6
1
6
0
-1
10
12
8
3
5
1
7
13
12
14
14
9
11
10
7
2
2
-2
-1
5
2
8
6
8
6
8
7
4
4
5
3
2
-1
-7
-1
-4
-5
-1
-2
0
-3
0
3
2
2
14
16
14
9
8
10
12
15
16
20
14
19
19
15
12
13
10
7
8
5
4
8
14
8
11
15
19
13
11
9
9
7
2
5
10
11
12
10
11
5
1
-1
4
-1
7
0
-7
6
5
2
0
4
11
13
19
18
18
16
15
15
7
7
4
2
2
1
2
1
6
9
7
7
6
3
1
5
4
0
-3
5
4
6
11
14
15
9
5
11
5
1
6
6
3
6
6
-3
0
-5
-4
-8
-6
-2
-2
-1
-5
-3
-2
-7
-2
-4
-2
-5
-6
-5
-2
-6
-10
-5
-7
2
-2
0
-1
-1
4
6
6
6
10
8
10
0
4
2
-3
-4
-2
-1
-8
-1
-4
0
-2
-1
-7
-4
-7
-4
5
7
8
2
0
3
5
1
2
1
-7
-3
1
-3
-2
-5
-6
-6
-10
-11
-8
-10
-10
-3
-12
-3
-1
-1
1
-4
-1
4
-1
-1
5
4
8
18
16
15
14
13
20
16
14
20
21
19
11
14
20
15
14
11
8
5
4
6
7
12
7
6
6
1
5
-3
-3
1
8
9
5
7
7
10
10
11
14
11
11
13
12
10
7
4
1
3
7
5
7
1
-2
-1
2
-1
2
8
1
5
10
7
7
4
1
4
5
5
9
6
-1
2
5
2
1
5
9
12
7
10
10
9
4
8
10
11
10
13
16
12
11
11
10
11
14
14
13
7
7
11
11
6
4
6
9
14
12
7
11
15
13
7
6
9
4
7
2
0
3
2
4
-9
-2
-6
-9
-1
1
7
7
5
-1
7
4
10
9
1
3
-1
-3
0
2
2
-5
-7
-5
-14
-7
-2
-2
-10
-8
-12
-9
-7
-13
-10
-12
-8
-8
-10
-14
-9
-9
-10
-7
-6
-7
2
-2
-10
-7
-5
-4
-5
-9
-14
-8
-8
-5
-8
-10
-11
-10
-16
-17
-18
-18
-15
-18
-24
-16
-18
-13
-4
-6
-4
-7
-4
-11
-11
-8
-4
-7
-3
-6
-6
-9
-11
-8
-6
-7
-6
-11
-11
-10
-5
-6
-7
-6
-5
-3
1
3
-3
-3
-6
-4
-5
-4
-2
-9
-8
-8
-11
-11
-10
-5
-4
-8
-18
-18
-14
-13
-17
-23
-29
-30
-32
-29
-26
-23
-15
-15
-11
-10
-9
-3
-5
-6
-2
1
-2
-3
5
5
2
8
4
4
3
-4
-1
-14
-9
-14
-12
-7
-13
-11
-13
-9
-14
-7
-10
-12
-8
-11
-7
-4
-6
-14
-9
-13
-14
-19
-12
-12
-16
-12
-12
-15
-18
-22
-26
-15
-20
-13
-10
-11
-9
-4
-6
-8
-10
-8
-3
0
1
-3
7
4
6
0
-3
-7
-11
-10
-12
-11
-16
-17
-22
-18
-18
-16
-17
-21
-22
-20
-24
-27
-30
-31
-29
-30
-24
-23
-24
-25
-24
-24
-17
-17
-14
-17
-12
-11
-11
-6
-2
3
-1
-2
-1
-9
-8
-11
-14
-11
-16
-13
-11
-6
-10
-10
-12
-19
-12
-14
-17
-14
-10
-13
-14
-6
-1
-1
1
-7
-9
-10
-13
-11
-12
-14
-7
-10
-9
-7
-11
-9
-3
-6
-3
-5
-7
-6
-1
8
0
-1
1
1
-4
-2
-3
-5
-9
-10
-6
-1
2
-6
-2
-3
-2
-6
-9
-7
-13
-18
-15
-19
-16
-11
-12
-7
-3
2
1
-4
2
2
-1
-3
-5
-7
-9
-5
-4
-9
-10
-2
-2
-9
-2
-1
-2
5
10
9
8
10
6
7
4
3
3
2
-4
-7
-3
-2
-10
-11
-8
-4
1
3
5
7
1
-4
-6
-4
-5
-5
-1
-5
-6
-7
-8
-8
-8
-11
-13
-5
-9
-4
-5
-7
-7
-7
-4
-1
3
-2
2
9
8
9
4
9
8
12
18
15
7
6
10
15
13
6
11
5
1
4
9
6
3
3
5
3
1
6
0
2
-6
-5
-4
-1
1
-1
9
10
4
1
10
5
5
4
11
8
7
10
11
14
17
20
18
14
9
13
9
11
8
10
10
17
16
12
11
15
9
7
13
16
16
21
27
20
25
21
31
23
20
25
16
17
21
22
21
19
22
25
22
18
17
20
19
18
15
14
7
9
9
8
15
16
25
15
18
21
22
25
28
23
11
14
9
14
11
7
15
19
20
22
18
12
16
21
20
18
17
18
27
20
22
19
12
16
15
17
17
20
21
23
26
17
22
15
11
23
22
16
19
22
17
21
7
8
7
6
10
14
6
8
11
10
10
4
5
5
0
5
4
5
8
6
7
12
15
11
10
9
12
4
10
11
8
11
15
12
10
6
2
2
2
3
6
13
11
17
15
8
10
10
13
12
20
13
9
14
10
15
12
9
12
9
7
10
5
8
6
14
19
15
17
13
7
8
9
2
2
11
9
5
11
6
8
4
2
8
4
6
5
1
8
7
12
10
7
13
7
12
19
14
16
18
21
22
17
13
10
10
12
7
9
9
10
15
8
11
11
9
12
18
17
13
10
8
9
10
9
11
6
9
7
8
10
7
10
1
-2
2
4
7
9
11
4
7
3
5
16
5
7
10
9
7
4
7
3
2
12
4
9
10
11
18
14
13
18
20
18
12
7
10
11
9
6
9
11
6
5
9
8
13
9
7
5
1
3
1
1
-1
0
2
8
12
16
9
6
7
3
5
4
2
7
12
8
14
12
11
11
3
3
0
-3
0
0
1
9
8
5
7
0
0
1
-1
-6
-2
-3
2
2
3
11
7
10
5
6
2
2
0
-5
-5
-3
-1
2
7
8
9
6
8
8
9
6
5
8
6
3
1
2
12
11
13
11
12
14
7
7
12
10
10
13
6
3
2
-2
0
0
0
-5
-1
2
-4
-4
-10
-6
-8
0
0
-5
2
0
3
0
3
2
3
6
0
0
6
0
3
-5
-7
-1
-3
-6
-8
-4
-1
-5
-3
-2
-1
3
-3
-1
0
4
2
1
-2
2
0
2
5
-1
-6
-10
-13
-14
-6
-6
0
-2
-7
-2
-7
-1
-4
-2
3
1
3
-1
-1
1
1
-6
-7
-8
-6
-9
-7
-11
-12
-7
-8
-6
-7
-7
-4
-6
-13
-6
-3
-4
-7
-1
-3
-2
2
3
8
9
1
-4
-7
-13
-21
-16
-9
-12
-5
-2
1
-2
1
-5
-6
-5
-3
-5
-3
1
-8
-5
-8
-8
-12
-12
-6
-10
-8
-13
-12
-16
-16
-14
-9
-7
-13
-9
-8
-6
-9
-10
-10
-3
-7
-6
-6
-4
-5
0
3
-1
4
4
7
6
6
4
8
-2
-1
4
3
5
6
9
10
4
2
8
6
3
5
4
7
9
1
1
2
5
6
7
9
3
-3
1
-1
-3
-1
-4
0
-3
0
-1
4
1
-3
3
0
0
4
1
-2
1
1
2
0
9
10
3
0
4
7
6
5
-3
-2
2
-2
-8
1
0
2
6
1
0
0
-6
-9
-7
-5
-9
-10
-7
-6
-5
-12
-5
0
5
-1
1
4
-2
1
-6
-6
-11
-14
-11
-12
-13
-17
-19
-17
-12
-10
-9
-6
-8
-12
-16
-9
-8
-6
-10
-15
-9
-12
-15
-14
-14
-13
-9
-6
-8
-9
-7
-3
-5
-8
-11
-19
-15
-18
-21
-20
-23
-20
-18
-12
-12
-8
-6
-13
-13
-13
-17
-18
-20
-13
-18
-17
-12
-16
-16
-14
-19
-19
-22
-17
-14
-20
-18
-19
-20
-21
-20
-16
-15
-9
-14
-10
-6
-5
-7
-13
-13
-18
-16
-20
-22
-23
-22
-15
-16
-13
-16
-15
-10
-10
-11
-7
-5
-4
-5
-2
2
-1
-2
-5
-7
-13
-9
-8
-12
-12
-7
-1
-4
0
-3
-4
-1
-3
-2
-2
1
-2
-2
-3
-2
-1
-6
-1
1
-1
0
0
3
-3
-1
-3
1
-2
5
9
-1
5
8
4
3
5
3
4
1
6
7
5
-3
-4
-10
-14
-6
0
2
0
3
3
1
0
1
-1
0
-1
0
7
6
7
3
0
2
3
8
7
4
8
1
7
13
9
17
19
13
12
13
6
4
7
2
8
7
5
11
10
3
2
1
-4
-5
-5
-3
-4
-4
-9
-8
-7
-10
-8
-3
-6
-4
-6
-3
4
3
9
12
9
12
16
15
10
5
3
-3
-3
-7
-4
-4
-2
3
2
4
2
-1
-3
-2
-6
-5
-6
-7
-10
-12
-11
-17
-21
-20
-22
-20
-21
-16
-17
-10
-10
-14
-15
-18
-10
-10
-10
-8
-7
-5
-7
-7
-12
-13
-16
-23
-14
-18
-12
-5
-11
-6
-6
-5
-6
-10
-11
-10
-10
-11
-10
-9
-6
-7
-4
-3
-7
-10
-8
-3
-1
3
4
9
9
9
8
-4
-2
0
-1
3
2
-1
0
-1
-1
0
-3
0
-1
-2
-4
4
2
3
6
2
5
-2
0
2
7
2
2
4
7
3
4
7
6
2
7
14
8
12
7
15
16
15
13
12
12
16
14
11
14
14
19
15
17
13
14
23
19
18
19
22
15
17
11
12
13
12
