SAMPLES:	18459
BITSPERSAMPLE:	16
CHANNELS:	1
SAMPLERATE:	16000
NORMALIZED:	FALSE
42
35
30
23
11
0
3
7
10
10
12
7
12
7
4
12
10
10
12
26
42
62
68
78
78
71
67
47
36
40
48
49
53
67
77
78
75
58
42
26
17
11
10
6
-5
-16
-17
-14
-11
-10
-19
-15
-1
15
19
28
26
29
35
38
40
40
32
28
28
26
37
47
57
48
30
5
-11
-21
-17
-10
-7
-5
-5
7
10
17
29
34
34
27
15
5
4
9
12
8
1
3
1
9
13
14
21
30
33
35
38
49
51
48
40
46
64
75
88
85
75
58
47
35
35
34
30
29
28
25
27
35
31
24
27
26
23
13
-4
-10
-16
-12
-5
0
4
18
30
37
27
8
18
30
52
68
53
32
21
11
10
12
16
13
12
8
-10
-18
-6
17
42
42
24
16
15
1
-14
-22
-20
-12
-8
-4
0
-9
-20
-27
-34
-36
-31
-18
-2
-4
-16
-22
-25
-21
-15
-20
-25
-17
-6
11
11
6
8
-4
-12
-22
-21
-18
1
25
30
26
25
11
8
21
16
12
-10
-12
-11
-12
-12
-17
-25
-25
-25
-29
-41
-37
-24
-12
-10
-13
-7
-8
-6
-3
-2
-1
-10
-15
-17
-14
-8
-13
-17
-12
-2
6
12
9
8
17
27
20
9
1
0
-13
-25
-27
-34
-34
-22
-12
-10
-14
-10
-10
-10
-5
3
28
52
57
40
14
-11
-12
-15
-10
1
8
8
-4
-18
-25
-33
-38
-40
-38
-39
-20
-6
5
14
10
6
-1
5
7
7
-5
-4
-5
-5
8
21
34
26
12
-2
-16
-21
-23
-18
-6
-3
10
11
3
-9
-24
-32
-42
-46
-45
-35
-26
-16
-8
-5
-1
-5
-6
-15
-31
-31
-24
-7
6
2
2
-11
-6
-8
-25
-39
-46
-42
-33
-28
-15
-11
-22
-19
-21
-11
-1
-2
3
11
20
37
34
27
15
2
13
24
32
17
2
-6
5
24
35
38
38
45
50
46
44
39
40
46
41
37
32
26
27
25
27
37
44
37
18
-10
-8
-2
2
1
-8
1
8
3
1
-5
0
19
31
49
43
28
17
20
37
47
49
44
27
17
13
-10
-20
-21
-22
-6
10
24
48
54
47
39
18
7
4
4
7
1
-6
-14
-9
0
14
14
10
9
10
4
-3
1
-3
8
9
20
21
15
11
-1
-5
-10
-9
3
20
42
58
64
57
36
26
26
27
35
36
41
43
42
48
53
55
58
51
36
19
4
9
16
25
27
15
12
18
25
25
18
10
19
43
59
74
75
73
79
86
78
64
58
63
61
60
39
26
33
47
49
50
38
24
29
10
8
27
34
50
44
43
42
25
21
-1
6
-1
2
14
20
25
18
10
-3
-8
-17
-26
-17
-7
2
17
22
36
42
48
46
42
47
46
40
17
8
7
21
34
36
38
27
30
32
38
38
38
45
39
31
15
11
18
34
41
45
41
29
19
12
1
-4
-1
22
54
70
79
69
59
59
57
53
42
33
26
19
25
30
40
44
41
26
19
2
-17
-24
-19
-16
-10
2
8
22
33
41
28
11
11
18
25
31
41
36
29
24
20
27
21
7
-5
-11
-6
-3
-7
1
26
67
90
88
66
39
33
32
31
25
23
31
32
24
1
-16
-23
-11
-6
-6
2
17
25
42
49
55
60
55
64
61
55
38
26
17
2
-9
-13
-24
-25
-12
3
26
37
16
-5
-20
-30
-24
-13
-10
7
23
24
30
24
23
31
44
50
43
41
46
48
48
24
5
-8
-2
9
22
38
42
32
28
34
40
53
55
51
35
28
28
33
35
38
37
42
50
49
45
29
18
8
-8
-18
-17
-14
6
7
5
5
6
10
14
22
16
16
14
13
20
26
40
40
38
44
37
45
58
53
44
27
21
30
45
55
50
36
32
35
33
26
16
20
22
19
5
-17
-18
-8
10
14
17
16
11
5
0
6
15
32
41
47
33
17
7
-20
-34
-37
-27
-1
24
41
48
47
43
36
23
3
-9
-7
-11
-13
3
25
41
48
32
17
-3
-19
-31
-43
-57
-54
-50
-46
-34
-23
-3
1
-7
-1
7
13
10
-2
-20
-30
-32
-24
-9
12
26
39
38
31
15
-7
-5
-1
5
11
14
9
-4
-32
-54
-47
-31
-17
-10
-6
0
0
-5
-6
-16
-39
-54
-62
-66
-59
-38
-10
24
47
51
43
32
27
11
4
9
15
10
7
3
-2
4
15
26
26
5
-29
-50
-62
-59
-34
-16
-19
-9
-1
25
27
6
-22
-44
-40
-43
-41
-26
-6
9
7
-5
-23
-32
-45
-55
-56
-48
-35
-34
-33
-31
-25
-13
-12
-17
-33
-50
-56
-58
-41
-16
4
9
-3
-11
-20
-35
-45
-46
-26
-9
2
7
14
20
33
32
17
-3
-33
-55
-72
-76
-67
-38
-12
7
12
-1
-25
-48
-44
-38
-36
-27
-13
-4
1
4
2
3
-7
-25
-42
-52
-46
-25
-18
-7
-11
-5
14
5
5
-20
-17
-8
12
24
27
31
25
33
25
17
6
4
-1
-5
-1
4
9
15
6
-4
-12
-11
-4
-3
-7
-20
-31
-31
-19
-12
-28
-34
-45
-48
-45
-44
-38
-39
-32
-19
-4
-3
-3
-12
-16
-12
2
5
2
1
0
-3
-3
2
4
13
7
-1
-3
-6
-4
5
-5
-4
2
3
3
13
9
3
8
9
15
33
38
35
34
15
9
9
7
12
9
6
10
19
26
27
20
11
-4
-4
-1
-3
3
1
-13
-12
-17
-19
-7
-8
-12
-17
-13
-23
-23
-23
-21
-23
-12
14
32
42
42
34
29
34
16
4
-21
-34
-36
-42
-29
-12
8
31
40
42
38
28
16
3
-11
-17
-25
-27
-22
5
34
38
21
-3
-24
-45
-51
-56
-45
-31
-23
-9
5
19
19
19
0
-26
-49
-65
-80
-72
-64
-54
-45
-32
-17
-7
6
6
7
-2
-11
-17
-23
-19
-14
-13
-9
-2
-1
-1
-9
-18
-15
-14
-21
-17
-1
13
28
29
16
-1
-6
-14
-32
-42
-38
-34
-9
11
15
8
-2
-10
-14
-20
-16
-5
-4
1
-6
-6
-8
-13
-17
-29
-33
-39
-44
-43
-34
-29
-27
-15
-7
0
17
39
57
65
56
33
11
1
-1
-11
-2
7
1
-5
-11
-3
2
-5
-22
-29
-30
-27
-26
-26
-27
-28
-15
14
42
60
66
48
39
22
10
-12
-27
-40
-49
-47
-41
-36
-42
-43
-42
-32
-28
-20
-7
3
1
-3
0
0
-4
-12
-18
-10
6
10
16
11
8
11
1
5
1
-3
-2
-4
0
8
18
32
36
33
30
15
-6
-14
-7
6
14
10
11
7
2
-18
-47
-64
-70
-63
-58
-54
-49
-47
-29
-9
0
3
-3
-9
-17
-14
-16
-29
-42
-32
-13
-11
-11
-22
-31
-32
-31
-27
-22
-14
-7
1
13
12
8
12
7
5
8
10
1
-13
-20
-23
-6
0
-11
-10
-14
-16
-16
-25
-30
-36
-37
-27
-29
-23
-16
-20
-21
-18
-32
-45
-57
-62
-40
-15
9
18
15
3
-9
-24
-45
-65
-85
-77
-76
-78
-79
-89
-82
-61
-34
-37
-48
-62
-56
-53
-54
-51
-43
-23
-1
16
17
12
9
14
11
-10
-26
-40
-28
-17
0
4
-1
0
-11
-27
-52
-65
-77
-80
-77
-82
-84
-96
-104
-91
-82
-88
-95
-90
-83
-68
-65
-66
-57
-41
-23
-14
-18
-25
-43
-54
-50
-57
-68
-79
-75
-78
-68
-62
-57
-47
-35
-26
-32
-43
-51
-47
-38
-31
-28
-23
-13
-11
-1
-7
-21
-34
-56
-57
-60
-49
-46
-46
-35
-36
-41
-56
-58
-49
-45
-42
-54
-56
-51
-37
-25
-19
-15
-3
10
2
-9
-18
-34
-38
-35
-34
-36
-43
-35
-37
-44
-58
-68
-64
-50
-56
-65
-72
-87
-85
-75
-53
-39
-22
-6
-6
-16
-17
-35
-47
-61
-64
-58
-48
-43
-49
-47
-45
-47
-50
-59
-66
-74
-75
-67
-58
-42
-24
-8
12
25
31
24
9
-5
-20
-32
-45
-50
-48
-43
-32
-20
-20
-25
-23
-20
-15
-20
-28
-33
-33
-17
-7
16
23
23
23
28
26
16
3
0
4
26
45
53
53
41
28
26
31
32
27
17
18
32
38
38
38
41
42
50
42
44
44
44
35
24
20
12
13
9
8
3
6
20
38
48
59
63
60
49
27
24
21
26
25
27
37
48
61
70
82
86
94
80
62
50
42
35
33
23
16
28
36
40
40
35
33
36
43
46
41
49
58
63
65
64
55
49
32
23
18
15
15
6
7
9
6
5
10
13
25
29
21
18
17
21
38
50
63
83
96
97
102
95
102
109
128
143
141
143
152
159
162
163
166
173
164
159
161
168
188
209
216
238
251
268
284
286
289
279
290
308
317
325
331
333
324
324
322
321
340
358
369
374
374
383
395
412
427
430
424
412
404
409
403
371
357
358
386
406
406
409
416
425
420
421
409
397
388
379
381
380
383
383
387
398
399
397
391
384
380
373
376
379
383
399
404
412
413
404
385
370
369
357
348
342
339
336
338
337
335
344
351
352
351
347
348
357
344
336
341
350
353
351
363
383
402
413
423
439
472
501
499
502
499
497
503
515
517
524
533
533
542
545
554
564
578
594
624
633
647
668
687
700
694
698
700
698
691
678
674
668
661
659
658
653
660
655
643
633
623
634
623
607
587
558
534
504
467
428
416
416
412
383
358
337
321
304
288
259
228
194
137
75
19
-33
-73
-106
-137
-180
-219
-247
-269
-290
-333
-375
-410
-445
-479
-504
-534
-560
-583
-614
-645
-684
-713
-743
-760
-761
-770
-775
-775
-783
-787
-801
-831
-861
-890
-909
-914
-917
-919
-923
-926
-915
-906
-894
-884
-885
-883
-894
-900
-889
-861
-827
-790
-746
-717
-691
-690
-697
-712
-725
-711
-669
-613
-566
-532
-513
-503
-506
-506
-500
-488
-468
-447
-409
-368
-337
-302
-280
-255
-228
-194
-169
-140
-112
-87
-70
-55
-28
-3
30
41
49
54
65
84
101
115
132
160
182
203
224
215
205
198
199
192
179
182
172
166
152
128
109
103
90
75
74
55
42
21
-9
-21
-22
-28
-34
-37
-32
-26
-25
-47
-77
-111
-131
-128
-129
-140
-146
-152
-154
-159
-163
-176
-200
-238
-286
-313
-323
-308
-304
-325
-332
-335
-337
-341
-353
-358
-369
-379
-380
-388
-392
-398
-405
-396
-377
-366
-369
-379
-382
-392
-404
-417
-437
-448
-444
-426
-422
-413
-408
-403
-395
-397
-393
-399
-413
-403
-393
-384
-382
-383
-379
-367
-356
-356
-352
-346
-341
-342
-345
-348
-349
-343
-338
-336
-315
-296
-280
-263
-252
-244
-229
-216
-217
-223
-236
-232
-215
-193
-170
-153
-144
-137
-129
-129
-129
-136
-135
-133
-136
-139
-151
-162
-161
-149
-131
-124
-131
-142
-146
-143
-122
-102
-102
-118
-150
-182
-203
-221
-224
-214
-199
-189
-191
-200
-202
-210
-220
-236
-255
-267
-269
-260
-249
-240
-232
-230
-229
-225
-245
-273
-304
-328
-332
-324
-307
-306
-318
-323
-341
-355
-362
-359
-355
-358
-372
-376
-371
-371
-362
-360
-360
-355
-343
-330
-323
-322
-325
-335
-342
-339
-330
-310
-293
-269
-240
-220
-206
-190
-189
-190
-175
-158
-150
-162
-168
-163
-150
-136
-129
-113
-93
-83
-96
-127
-153
-164
-161
-139
-118
-97
-77
-54
-38
-33
-24
-27
-41
-60
-60
-60
-52
-34
-22
-7
-7
-16
-36
-58
-73
-94
-109
-115
-108
-81
-57
-29
-8
-3
-8
-21
-23
-38
-64
-89
-100
-97
-69
-38
-6
4
4
-14
-48
-72
-107
-131
-145
-138
-131
-109
-82
-64
-42
-29
-32
-57
-89
-130
-146
-151
-143
-120
-97
-74
-65
-54
-52
-60
-65
-80
-90
-91
-87
-81
-76
-72
-64
-68
-69
-61
-58
-66
-80
-96
-84
-73
-76
-80
-71
-44
-17
-1
0
-11
-22
-16
-15
-8
-3
3
18
28
39
31
17
-4
-13
-11
-9
-9
-18
-22
-18
-25
-33
-35
-30
-18
-22
-29
-27
-9
7
15
12
4
-9
-24
-43
-58
-50
-47
-46
-52
-58
-62
-84
-113
-150
-172
-175
-170
-148
-130
-110
-90
-71
-62
-55
-58
-71
-90
-106
-120
-137
-131
-126
-110
-94
-88
-90
-107
-120
-135
-150
-156
-170
-167
-166
-172
-174
-183
-179
-181
-179
-167
-165
-155
-147
-151
-140
-152
-162
-178
-188
-190
-193
-195
-191
-190
-197
-208
-244
-269
-277
-291
-296
-302
-318
-305
-297
-290
-277
-282
-289
-290
-297
-307
-314
-319
-328
-329
-337
-343
-338
-341
-334
-319
-294
-270
-258
-249
-246
-257
-279
-300
-305
-287
-269
-251
-234
-224
-216
-201
-180
-164
-142
-126
-113
-108
-103
-99
-103
-110
-115
-109
-102
-91
-81
-77
-69
-61
-55
-47
-60
-73
-68
-56
-30
-2
23
49
62
67
68
70
74
80
84
91
94
89
69
61
66
88
107
116
117
106
99
87
77
68
47
24
-3
-13
-15
-11
11
15
26
28
24
23
12
-12
-33
-47
-56
-54
-60
-64
-77
-87
-110
-138
-144
-160
-157
-155
-152
-150
-163
-170
-169
-159
-165
-166
-174
-192
-206
-204
-193
-187
-192
-220
-239
-255
-273
-285
-316
-330
-321
-296
-285
-300
-318
-327
-322
-327
-346
-361
-373
-367
-356
-334
-304
-282
-265
-252
-253
-263
-262
-270
-287
-289
-279
-259
-232
-227
-219
-229
-228
-235
-239
-244
-248
-238
-233
-214
-211
-211
-212
-211
-200
-194
-186
-176
-167
-159
-149
-142
-132
-108
-95
-69
-56
-52
-46
-39
-36
-38
-37
-45
-47
-44
-33
-16
-2
5
6
9
-5
-7
-1
18
27
33
41
44
58
81
111
131
146
135
118
97
82
79
97
115
134
148
165
189
192
198
197
191
182
174
169
184
204
231
263
289
301
308
301
290
274
264
260
253
256
270
299
329
346
355
356
351
350
345
333
321
311
308
308
305
316
322
328
332
333
329
310
288
270
258
254
269
279
286
297
309
324
316
308
296
289
290
286
276
260
260
276
305
324
324
320
320
328
339
331
304
294
309
327
346
351
345
338
339
341
343
329
317
307
298
311
324
334
346
358
355
353
355
347
332
317
307
304
306
300
300
300
296
304
306
323
344
363
370
367
352
342
347
353
364
365
367
372
370
364
364
348
333
322
314
314
302
298
304
318
332
342
350
358
373
381
369
352
335
324
328
328
332
346
349
356
355
358
357
345
343
348
347
337
328
321
325
322
327
322
322
325
331
341
350
366
376
394
399
396
390
377
366
356
343
341
341
345
343
346
345
332
334
332
337
336
329
314
311
308
314
313
298
292
285
283
280
262
228
204
195
192
192
182
185
182
175
169
155
150
124
116
113
105
96
88
82
72
69
66
54
31
4
-15
-36
-45
-59
-78
-85
-97
-108
-136
-161
-187
-197
-193
-182
-184
-191
-205
-224
-229
-244
-258
-272
-277
-274
-271
-269
-275
-286
-300
-305
-313
-318
-323
-327
-318
-321
-336
-345
-362
-375
-375
-373
-374
-378
-385
-388
-394
-406
-426
-440
-451
-468
-468
-458
-444
-424
-407
-403
-403
-412
-420
-415
-410
-406
-410
-405
-394
-400
-415
-421
-434
-429
-421
-410
-401
-397
-394
-394
-389
-382
-390
-408
-428
-436
-412
-393
-380
-375
-373
-373
-369
-368
-368
-374
-384
-402
-411
-408
-413
-408
-396
-383
-357
-330
-307
-283
-280
-293
-332
-372
-396
-401
-385
-360
-340
-328
-307
-298
-299
-307
-337
-358
-363
-351
-338
-339
-340
-327
-308
-296
-299
-306
-315
-327
-330
-326
-317
-308
-297
-290
-279
-274
-269
-266
-271
-280
-285
-292
-298
-282
-264
-261
-275
-300
-328
-344
-345
-326
-298
-280
-268
-259
-255
-232
-211
-201
-208
-221
-221
-220
-212
-202
-206
-215
-211
-209
-208
-220
-219
-212
-207
-213
-216
-221
-229
-229
-236
-235
-224
-210
-195
-192
-186
-179
-176
-158
-150
-136
-129
-125
-136
-164
-189
-196
-187
-159
-150
-151
-137
-134
-121
-107
-94
-86
-84
-79
-79
-75
-68
-67
-47
-29
-5
16
18
29
31
20
14
6
-13
-8
-2
17
44
74
89
84
77
67
71
79
85
92
102
108
112
107
93
85
86
102
131
156
173
178
194
205
230
263
199
240
219
192
245
234
256
277
269
284
295
294
312
269
246
241
248
260
293
311
305
321
317
320
333
341
337
340
347
370
378
373
382
389
396
413
430
427
434
432
417
412
402
401
391
384
386
389
409
419
427
433
439
443
442
424
417
408
412
436
447
462
449
433
425
416
432
443
436
438
436
436
436
447
459
464
451
443
429
422
423
436
441
457
454
437
429
397
390
385
398
402
414
424
428
437
437
435
427
409
387
358
326
315
307
304
302
318
333
353
362
367
364
346
312
277
260
252
258
267
272
276
292
287
275
262
261
251
234
234
220
210
195
181
167
157
156
167
183
195
196
195
208
217
209
194
169
148
141
126
132
154
176
203
216
216
214
209
198
189
185
180
184
201
210
237
251
258
253
249
244
233
229
228
233
233
233
244
253
280
312
336
353
349
341
322
310
306
303
300
302
303
308
311
300
288
279
288
301
310
323
332
333
332
348
373
398
400
388
388
400
420
422
414
400
377
362
358
358
364
372
370
357
345
344
349
362
384
399
397
382
366
354
350
351
357
361
385
407
423
438
428
416
407
393
378
371
356
350
351
363
380
394
402
388
372
337
318
303
294
308
311
331
344
357
346
339
333
320
307
287
263
246
231
219
220
222
237
248
265
269
257
236
214
196
176
162
155
150
142
151
150
147
146
148
141
122
103
80
67
62
51
28
4
4
12
26
35
24
3
-25
-40
-56
-78
-89
-79
-76
-64
-49
-68
-92
-123
-150
-159
-158
-146
-151
-172
-184
-184
-168
-166
-178
-202
-223
-237
-252
-266
-260
-256
-248
-233
-234
-242
-265
-277
-292
-292
-288
-276
-265
-274
-256
-243
-227
-218
-218
-231
-257
-275
-274
-261
-259
-257
-258
-256
-255
-261
-274
-278
-277
-269
-261
-258
-241
-224
-204
-191
-203
-206
-219
-220
-213
-219
-229
-245
-255
-270
-266
-255
-246
-233
-228
-216
-215
-217
-214
-211
-224
-224
-222
-212
-187
-171
-172
-178
-196
-218
-230
-235
-226
-219
-220
-227
-234
-230
-216
-204
-194
-183
-177
-166
-158
-163
-162
-152
-137
-139
-145
-148
-154
-147
-144
-136
-140
-138
-147
-157
-174
-188
-201
-217
-219
-218
-198
-162
-127
-94
-96
-100
-94
-96
-90
-104
-119
-136
-148
-151
-152
-157
-153
-151
-155
-159
-153
-144
-150
-152
-144
-128
-113
-93
-85
-74
-76
-80
-82
-78
-86
-102
-120
-140
-135
-135
-122
-110
-104
-97
-92
-93
-101
-111
-122
-135
-149
-150
-143
-125
-105
-88
-77
-85
-89
-94
-98
-106
-102
-105
-106
-102
-96
-80
-70
-65
-67
-81
-105
-119
-125
-116
-89
-67
-49
-36
-23
-19
-21
-28
-48
-62
-64
-54
-44
-45
-44
-41
-41
-46
-52
-53
-58
-54
-58
-54
-48
-47
-38
-25
-7
2
7
0
4
-3
-16
-22
-23
-15
-17
-17
-22
-19
-10
-6
-13
-16
-18
-8
5
7
13
33
53
66
75
71
65
62
66
59
45
36
40
52
55
64
47
40
28
24
43
39
26
12
4
-3
11
38
65
79
72
61
44
29
24
23
24
29
42
55
71
72
67
66
57
37
21
21
26
27
27
29
40
45
55
66
76
76
64
51
49
50
53
57
64
76
92
117
133
125
106
102
101
101
102
98
98
99
104
117
123
127
119
111
101
89
92
106
110
120
127
130
130
123
104
84
85
104
142
168
180
173
161
150
149
159
166
177
183
187
189
186
184
186
197
203
221
233
232
232
226
224
224
232
242
246
254
264
253
237
210
207
207
216
226
224
228
214
202
195
187
182
178
179
185
195
196
189
180
162
164
168
166
165
161
142
131
131
128
133
144
149
136
106
82
53
21
-3
-18
-19
-16
-13
-7
1
2
8
14
25
32
25
33
45
55
59
52
46
39
38
32
20
18
28
29
28
19
9
2
4
14
18
25
32
33
44
45
34
26
26
33
50
66
64
75
82
88
77
65
65
64
67
63
64
61
54
57
65
79
78
81
79
64
52
48
46
51
50
47
54
70
84
82
85
81
69
54
37
33
26
26
39
42
44
39
36
35
49
66
67
66
53
42
34
44
37
36
35
39
42
30
32
34
38
40
39
31
28
12
1
-5
7
27
32
38
49
60
82
84
65
50
32
24
15
-4
-25
-23
-11
-9
2
2
-1
2
3
3
1
-9
-21
-34
-43
-46
-30
-8
12
27
26
15
0
-12
-25
-26
-26
-23
-24
-21
-32
-42
-55
-76
-82
-92
-121
-133
-152
-158
-148
-135
-130
-129
-137
-149
-143
-133
-122
-114
-110
-107
-96
-95
-102
-110
-129
-131
-118
-140
-162
-181
-196
-196
-180
-170
-173
-176
-172
-159
-158
-159
-151
-127
-110
-98
-92
-78
-72
-58
-56
-49
-34
-29
-14
-6
7
11
31
46
55
48
23
10
19
38
56
62
60
58
65
72
67
69
72
100
122
155
187
200
197
185
178
180
189
195
215
219
229
225
209
200
199
208
215
222
230
236
252
257
251
242
239
244
251
256
258
267
263
247
246
254
254
251
248
247
242
234
220
207
209
207
194
185
183
185
192
202
208
196
176
168
163
170
178
188
192
185
173
163
146
136
132
116
107
111
108
98
82
76
71
75
70
53
27
1
-1
0
2
4
2
-11
-21
-39
-42
-30
-28
-33
-29
-21
-16
-10
-23
-37
-49
-55
-57
-67
-86
-107
-121
-137
-140
-135
-132
-142
-158
-173
-192
-194
-194
-195
-200
-217
-226
-236
-246
-249
-244
-242
-240
-231
-219
-210
-209
-203
-204
-205
-212
-214
-214
-205
-203
-218
-248
-267
-282
-287
-282
-275
-267
-270
-267
-280
-280
-282
-285
-284
-281
-284
-285
-285
-280
-276
-287
-284
-287
-283
-276
-276
-277
-275
-278
-282
-285
-276
-270
-274
-291
-297
-296
-307
-304
-304
-293
-295
-292
-287
-287
-303
-327
-336
-335
-330
-314
-301
-295
-283
-276
-271
-271
-283
-310
-329
-332
-317
-302
-291
-277
-271
-269
-288
-301
-308
-314
-303
-302
-303
-293
-281
-275
-274
-284
-294
-285
-275
-268
-275
-297
-324
-329
-321
-299
-287
-278
-283
-305
-312
-322
-314
-316
-314
-306
-288
-280
-278
-277
-274
-278
-274
-269
-273
-277
-281
-281
-275
-267
-254
-248
-243
-242
-242
-242
-260
-264
-269
-273
-269
-266
-246
-221
-195
-178
-175
-174
-186
-202
-229
-245
-251
-243
-234
-226
-218
-209
-212
-218
-225
-245
-267
-288
-288
-286
-264
-240
-213
-203
-184
-178
-175
-164
-159
-157
-158
-160
-168
-165
-167
-162
-164
-169
-170
-161
-157
-155
-153
-160
-174
-189
-185
-170
-154
-140
-124
-118
-115
-120
-127
-125
-127
-123
-115
-106
-91
-76
-74
-81
-97
-105
-106
-97
-89
-80
-61
-58
-54
-41
-24
-19
-19
-37
-52
-51
-49
-36
-31
-16
-11
0
8
2
4
-2
-8
-9
-10
-19
-16
-17
-15
-4
6
13
9
1
2
3
0
-12
-13
-11
-9
12
40
51
49
38
27
24
26
23
26
31
27
26
14
12
7
8
-2
-10
-15
-18
-13
-4
19
38
40
44
49
48
55
54
46
30
31
45
55
50
40
35
39
51
54
54
54
59
68
75
80
80
60
50
49
44
51
32
11
-13
-19
-7
20
52
75
87
87
90
90
73
54
48
51
77
90
90
77
62
69
73
69
67
63
61
74
76
61
41
37
48
63
72
70
68
75
86
99
113
127
130
130
125
123
121
98
83
79
83
84
90
96
107
108
106
113
121
144
166
180
177
163
153
141
127
117
107
102
115
136
137
125
118
111
117
130
127
120
110
113
115
111
121
140
158
166
161
144
128
118
119
122
111
110
122
128
139
145
138
135
130
132
136
134
142
159
172
176
174
180
184
186
186
192
199
205
211
206
200
203
201
200
191
179
180
181
188
186
175
175
168
167
164
150
153
151
150
150
155
169
176
175
158
137
115
99
98
104
119
128
138
143
145
153
144
140
128
120
120
122
123
117
128
136
133
123
102
83
78
74
70
66
57
64
74
78
85
85
90
92
86
87
89
90
105
108
118
113
111
107
101
98
89
82
76
76
64
46
31
33
49
54
73
83
92
97
104
103
103
101
95
89
72
59
51
52
54
47
49
63
81
79
57
25
6
8
8
10
11
2
11
33
50
51
49
49
47
37
20
-2
-2
18
24
29
32
44
62
62
49
32
15
-1
-1
1
-8
1
7
24
38
38
28
11
1
-12
-25
-34
-41
-43
-52
-47
-31
-16
2
5
0
-4
-7
-14
-21
-30
-32
-20
-1
7
1
3
16
31
27
2
-18
-27
-27
-14
-9
-10
-13
-14
7
4
-4
-10
-23
-21
-13
-6
1
5
3
1
0
6
-2
-6
-17
-20
-18
-17
-16
-8
6
5
20
28
18
-1
-14
-12
4
14
17
16
28
29
38
47
53
52
37
33
31
31
14
-6
-30
-37
-35
-22
-12
-8
-2
-1
7
21
22
12
-6
-20
-15
-15
-11
2
11
25
33
33
12
6
7
9
11
14
11
13
20
35
54
50
48
29
14
-2
-14
-23
-31
-34
-24
-15
-10
-8
-8
-18
-27
-37
-47
-35
-16
9
22
36
53
75
81
80
65
45
21
6
2
14
34
45
49
44
30
22
19
12
17
17
20
25
31
27
32
37
32
29
16
0
-11
-12
-12
-11
-14
-25
-36
-43
-40
-21
-8
4
18
24
22
20
16
14
21
25
35
28
21
30
36
34
15
4
-3
-13
-19
-27
-39
-37
-32
-24
0
10
19
25
21
11
4
-1
-7
-12
-9
5
31
66
71
61
30
2
-6
-17
-24
-12
2
11
22
23
16
14
18
23
30
17
-3
-9
-1
4
-10
-29
-33
-26
-12
12
21
14
-18
-33
-28
-22
-24
-25
-25
-17
3
13
14
-1
-10
-2
-1
-18
-27
-35
-34
-36
-36
-30
-23
-17
-13
-19
-39
-56
-60
-57
-47
-41
-35
-21
-18
-17
-10
-13
-21
-25
-36
-43
-51
-45
-22
-9
8
31
30
25
16
19
29
33
38
46
55
54
45
44
34
19
-6
-24
-34
-42
-30
-29
-34
-22
-21
-7
7
7
1
-6
-12
-20
-34
-41
-40
-33
-29
-24
-17
-9
8
20
17
18
22
20
21
13
2
0
2
11
21
24
21
13
-3
-13
-12
-2
14
13
11
9
10
27
41
61
56
46
31
21
25
27
26
25
28
28
29
34
35
33
36
37
35
34
30
26
26
45
70
86
97
95
92
82
58
40
36
43
47
51
45
40
32
31
40
42
30
13
5
0
-9
-1
16
27
41
44
46
58
71
76
70
60
47
36
37
39
48
57
48
43
41
39
52
49
37
31
27
34
47
55
67
62
57
39
21
10
3
9
8
21
36
45
52
45
31
23
10
7
14
16
5
7
15
20
37
47
69
68
54
36
18
8
-5
-16
-32
-30
-17
-9
-14
-20
-20
-18
-18
-22
-21
-14
-11
-5
9
12
2
-7
-11
-4
-1
25
48
65
77
73
69
44
20
-1
-9
-2
10
20
21
15
21
30
41
35
14
8
5
10
6
-11
-40
-54
-48
-29
-19
-15
-5
3
15
19
11
-5
-16
-17
-18
-8
2
2
5
7
6
2
0
-11
-17
-28
-42
-42
-29
-17
-11
7
14
28
31
30
35
31
25
13
1
-1
3
14
29
34
37
41
51
70
78
73
60
47
36
16
0
-4
0
6
31
48
67
72
76
75
66
52
40
33
24
24
21
17
1
7
-3
-2
17
18
15
-8
-22
-26
-24
-6
8
21
29
39
54
58
62
57
63
67
73
74
56
39
16
-4
-13
-12
-14
-14
-22
-23
-29
-32
-41
-46
-48
-52
-41
-43
-46
-47
-52
-53
-52
-46
-44
-36
-24
-32
-39
-49
-59
-56
-56
-50
-46
-43
-44
-58
-67
-78
-79
-67
-66
-54
-49
-60
-66
-78
-83
-71
-61
-58
-60
-58
-45
-29
-30
-38
-48
-56
-60
-73
-96
-118
-124
-109
-84
-64
-57
-46
-49
-59
-57
-65
-65
-71
-81
-87
-94
-102
-102
-120
-124
-131
-118
-103
-96
-108
-121
-123
-117
-103
-103
-111
-112
-104
-112
-110
-116
-116
-120
-129
-144
-153
-153
-162
-160
-157
-147
-125
-104
-81
-63
-66
-76
-88
-101
-113
-115
-115
-111
-97
-77
-59
-56
-64
-84
-99
-104
-112
-117
-116
-119
-113
-110
-121
-116
-104
-96
-98
-101
-97
-91
-89
-93
-94
-81
-79
-92
-96
-106
-103
-99
-110
-119
-110
-93
-75
-64
-53
-52
-60
-64
-64
-78
-85
-96
-91
-81
-81
-76
-73
-71
-81
-93
-111
-126
-129
-120
-90
-68
-50
-36
-36
-36
-40
-61
-95
-113
-115
-100
-73
-67
-58
-45
-32
-25
-31
-51
-73
-83
-81
-74
-57
-47
-27
-16
-25
-37
-54
-58
-55
-53
-53
-48
-44
-37
-33
-28
-20
-17
-28
-35
-44
-42
-32
-37
-50
-59
-79
-86
-84
-76
-71
-74
-84
-91
-97
-102
-106
-106
-90
-79
-64
-55
-57
-52
-36
-31
-27
-29
-32
-26
-23
-16
-7
3
-2
-1
7
5
-6
-24
-19
-14
-7
-7
-27
-29
-27
-19
-25
-33
-39
-33
-32
-34
-31
-37
-36
-45
-39
-42
-51
-65
-74
-70
-63
-49
-46
-50
-45
-54
-57
-54
-47
-44
-47
-41
-47
-50
-41
-42
-50
-78
-102
-104
-99
-78
-64
-43
-43
-54
-53
-56
-48
-33
-24
-27
-33
-35
-34
-23
-24
-36
-58
-71
-79
-78
-63
-44
-28
-3
-1
-7
-10
-7
-4
-8
-18
-24
-14
1
8
2
-1
-10
-18
-28
-36
-46
-58
-56
-52
-55
-50
-43
-33
-32
-30
-28
-32
-47
-55
-60
-47
-33
-19
-17
-7
-8
-15
-12
-24
-27
-34
-40
-55
-58
-51
-40
-24
-10
8
5
-10
-27
-41
-43
-42
-43
-40
-32
-17
-7
-3
-2
-4
-9
-2
2
-4
0
-5
-1
7
7
13
1
-2
-4
-7
-10
-16
-8
5
30
46
46
41
35
44
59
63
53
40
33
32
31
22
8
13
31
47
46
43
50
50
50
41
39
38
44
61
67
60
51
37
34
36
38
34
29
31
33
46
56
55
55
46
50
59
64
60
58
62
59
72
83
88
82
90
96
86
68
53
57
57
51
41
40
42
47
50
53
49
42
28
21
25
30
42
53
69
76
78
73
56
34
27
26
20
20
36
53
62
61
41
23
12
-2
-10
-16
-24
-19
3
12
18
18
20
20
20
16
13
16
18
27
32
37
46
59
64
58
43
26
21
16
22
33
40
51
50
41
30
29
29
34
28
15
1
-10
-13
-24
-35
-41
-43
-31
-18
-7
-1
-9
3
9
20
12
-8
-21
-21
-15
-34
-57
-61
-47
-27
-20
-18
-32
-48
-65
-76
-64
-59
-45
-44
-57
-70
-71
-56
-45
-33
-28
-36
-28
-24
-26
-28
-43
-37
-33
-51
-67
-83
-85
-83
-70
-60
-45
-38
-35
-35
-41
-55
-57
-64
-81
-75
-65
-33
-10
-13
-42
-68
-68
-56
-37
-21
-29
-27
-16
-16
-12
-15
7
37
61
58
30
-3
-27
-34
-34
-25
-23
-14
5
11
8
-16
-41
-56
-65
-68
-70
-83
-81
-76
-73
-54
-24
8
25
27
15
2
-14
-20
-28
-28
-18
-13
-12
-16
-26
-27
-8
1
15
31
34
30
25
29
37
47
48
52
61
70
66
66
46
35
26
11
19
26
34
54
83
103
108
99
86
96
103
114
124
125
126
110
94
102
115
135
144
131
104
85
39
-27
-101
-170
-231
-273
-254
-203
-117
-29
73
187
287
353
399
405
385
339
270
190
123
50
-11
-54
-92
-98
-70
-11
39
86
125
164
218
262
278
282
267
233
215
206
197
188
159
133
113
100
83
64
48
32
20
9
12
46
104
199
305
378
437
486
504
483
417
319
191
13
-175
-340
-454
-513
-519
-469
-388
-263
-123
22
148
254
334
370
363
347
330
315
303
247
173
76
-18
-112
-206
-302
-402
-492
-538
-515
-435
-287
-109
70
216
330
404
426
398
294
133
-37
-176
-253
-266
-241
-172
-74
41
157
257
299
274
186
38
-109
-229
-289
-256
-135
7
151
274
360
417
410
355
238
71
-118
-251
-295
-253
-119
64
263
451
578
631
627
516
282
-53
-440
-801
-1081
-1214
-1187
-1040
-804
-504
-171
135
394
591
662
619
469
272
106
15
-25
-61
-81
-89
-71
-82
-124
-220
-385
-598
-780
-883
-895
-823
-663
-459
-220
68
315
535
682
713
630
476
276
86
-32
-86
-74
-37
-6
55
143
216
257
208
59
-122
-279
-401
-436
-418
-398
-336
-217
-75
95
291
438
535
557
541
533
533
580
614
613
607
619
624
603
536
347
-28
-527
-993
-1393
-1690
-1843
-1823
-1639
-1323
-815
-187
465
1076
1533
1757
1785
1679
1457
1158
848
505
115
-227
-440
-571
-688
-811
-971
-1218
-1498
-1742
-1875
-1846
-1672
-1380
-974
-435
215
881
1493
1971
2184
2096
1795
1367
835
260
-301
-802
-1167
-1337
-1308
-1066
-698
-325
-1
221
390
500
521
442
276
37
-214
-364
-409
-370
-290
-217
-175
-112
8
149
316
462
543
560
590
701
897
1113
1280
1359
1300
1179
1024
795
437
-105
-802
-1576
-2251
-2701
-2921
-2892
-2630
-2195
-1582
-771
167
1111
1899
2426
2645
2601
2396
2081
1684
1221
727
230
-207
-522
-733
-944
-1232
-1635
-2124
-2580
-2917
-3092
-3089
-2868
-2404
-1707
-766
371
1526
2525
3207
3473
3344
2879
2164
1283
306
-642
-1435
-1953
-2112
-1931
-1493
-945
-372
105
422
615
670
582
361
93
-179
-376
-422
-314
-101
149
355
436
444
398
289
119
-69
-207
-303
-298
-56
411
957
1500
1945
2206
2242
2055
1656
1052
269
-753
-1903
-2865
-3474
-3744
-3672
-3226
-2511
-1674
-716
410
1499
2289
2724
2806
2579
2177
1738
1281
842
442
39
-346
-511
-482
-512
-691
-955
-1314
-1819
-2275
-2485
-2537
-2549
-2467
-2146
-1537
-674
334
1297
2081
2566
2674
2471
2159
1693
936
25
-804
-1465
-1906
-2004
-1740
-1279
-816
-368
132
669
1137
1420
1480
1368
1116
737
412
283
208
35
-147
-197
-179
-207
-251
-285
-390
-592
-766
-739
-492
-140
259
752
1396
2086
2679
3193
3582
3646
3300
2654
1825
776
-522
-1920
-3171
-4134
-4821
-5133
-4883
-4131
-3103
-1919
-500
1027
2320
3240
3863
4145
3999
3520
2844
2057
1229
422
-343
-928
-1279
-1540
-1848
-2101
-2249
-2464
-2786
-2989
-3057
-3132
-3063
-2665
-1962
-1056
30
1165
2204
3046
3598
3713
3423
2855
1958
724
-550
-1594
-2440
-3060
-3221
-2895
-2317
-1586
-710
240
1132
1901
2421
2628
2591
2383
1957
1431
1035
717
292
-164
-371
-380
-404
-433
-379
-391
-589
-784
-740
-485
-175
179
624
1245
2065
3025
3974
4776
5276
5249
4678
3843
2854
1353
-745
-2913
-4753
-6296
-7382
-7552
-6854
-5802
-4559
-2823
-654
1462
3204
4454
5138
5246
4922
4321
3665
3100
2416
1472
608
115
-305
-970
-1689
-2407
-3400
-4650
-5656
-6169
-6364
-6290
-5827
-4870
-3426
-1658
215
2124
3879
5042
5383
5239
4900
4176
2959
1604
405
-761
-1838
-2462
-2570
-2432
-2344
-2369
-2355
-2177
-1926
-1680
-1318
-751
-156
388
1174
2370
3598
4403
4759
4772
4358
3474
2317
1126
-85
-1400
-2579
-3188
-3103
-2604
-1914
-1071
-160
603
1157
1674
2315
2893
3234
3481
3896
4465
4872
4984
4816
4221
2928
925
-1424
-3680
-5691
-7453
-8660
-8819
-7947
-6492
-4520
-1846
1033
3270
4731
5778
6333
6072
5282
4420
3461
2314
1209
363
-186
-526
-1027
-1939
-2897
-3640
-4517
-5491
-5842
-5536
-5300
-5057
-4121
-2671
-1496
-637
279
1075
1497
1738
2015
2401
2811
2937
2699
2532
2532
2063
1021
56
-743
-1889
-3136
-3711
-3655
-3502
-3198
-2488
-1477
-442
385
994
1567
2103
2242
2086
2264
2770
2904
2711
2817
2964
2494
1664
1036
424
-484
-1442
-2080
-2313
-2204
-1918
-1394
-423
728
1554
2232
3254
4331
4860
5034
5308
5370
4817
3888
2859
1580
-301
-2741
-5017
-6546
-7512
-8179
-8019
-6583
-4625
-2823
-582
2302
4596
5610
6024
6147
5581
4469
3381
2392
1435
568
-387
-1251
-1576
-1825
-2905
-4326
-4992
-5363
-6075
-6159
-4962
-3514
-2501
-1222
528
1849
2266
1989
1241
270
-735
-1729
-2270
-1841
-940
-291
541
2018
3158
3055
2319
1546
247
-1606
-3034
-3563
-3511
-3120
-2343
-1144
358
1664
2185
2161
2072
1562
382
-509
-372
126
463
1173
2410
3348
3537
3256
2697
1708
187
-1486
-2580
-2679
-2229
-1550
-180
1818
3358
4011
4469
4928
4639
3547
2509
1859
1396
1164
1266
1630
1965
1601
119
-1740
-3153
-4682
-6762
-8118
-7829
-6770
-5491
-2922
996
4434
6427
7622
8210
7625
5920
3732
1448
-748
-2628
-3989
-4417
-3649
-2495
-2099
-2228
-2102
-2065
-2715
-3349
-3198
-2805
-2723
-2283
-852
999
2242
2436
1756
480
-1261
-3232
-4798
-5420
-5310
-4934
-3940
-1643
1438
3990
5441
5996
5624
4082
1884
-12
-1278
-2292
-3190
-3383
-2414
-680
903
1865
2217
1845
609
-1015
-2187
-2607
-2655
-2578
-1898
-173
2155
4137
5358
5851
5457
3953
1818
66
-923
-1545
-2043
-1852
-438
1729
3671
5021
5961
6213
5277
3551
2109
1316
534
-497
-1061
-694
-26
-11
-773
-1666
-2671
-4441
-6553
-7500
-6866
-5809
-4729
-2361
1514
5103
7338
8895
9904
9312
6887
3847
1122
-1427
-3979
-6071
-6894
-6271
-5108
-4277
-3496
-2286
-1462
-1835
-2404
-2019
-1407
-1492
-1431
-131
1655
2594
2603
2274
1427
-530
-3226
-5481
-6645
-7189
-7435
-6599
-4022
-549
2507
4902
6828
7695
6830
4759
2600
621
-1543
-3651
-4762
-4393
-3129
-1765
-376
1059
1918
1727
1037
601
269
-349
-848
-507
677
2154
3592
4801
5341
4805
3363
1517
-406
-2301
-3869
-4678
-4511
-3218
-875
1977
4595
6571
7804
8204
7824
6905
5565
3920
2352
1172
359
-73
-132
-602
-2235
-4312
-5793
-7054
-8640
-9647
-9101
-7653
-5988
-3164
1305
5685
8362
9721
10566
10472
8773
6060
3305
515
-2516
-5089
-6195
-5812
-5000
-4627
-4475
-3966
-3253
-2946
-2987
-2745
-2269
-2109
-1953
-721
1410
2844
2823
2046
1125
-142
-1935
-3663
-4789
-5606
-6242
-6036
-4281
-1368
1228
2613
3374
3978
3920
3016
2000
1240
172
-1278
-1952
-1133
362
1399
1703
1581
1215
499
-496
-1277
-1704
-2296
-3060
-2872
-1166
1147
2937
4004
4617
4565
3744
2755
1865
793
-493
-1637
-1852
-598
1596
3748
5392
6541
7093
6970
6465
5746
4503
2613
533
-1262
-2402
-2636
-2637
-3556
-5012
-5842
-6234
-6859
-7025
-5833
-4218
-3407
-2087
1188
4877
7156
8428
9324
9103
7239
4812
2796
569
-2320
-5105
-6910
-7402
-6788
-5683
-4666
-3687
-2661
-2019
-1728
-1046
62
696
521
583
1640
2749
3057
2686
1683
-166
-3007
-6168
-8287
-9322
-10171
-10568
-9463
-6514
-2759
855
4470
7625
9056
8606
7435
6169
4316
1668
-1053
-2996
-3857
-3916
-3301
-2027
-702
-183
-529
-839
-608
-573
-1196
-1607
-1296
-488
737
2533
4790
6441
6552
5715
4862
3886
2298
344
-1170
-2007
-2310
-1681
270
2853
4786
5661
5925
5920
5650
4806
3285
1702
484
-569
-1336
-1196
-283
-271
-1984
-3718
-4462
-5337
-6767
-7500
-6834
-5787
-4842
-2473
1789
5731
7719
8512
8978
8423
6342
3732
1352
-1214
-4130
-6383
-6844
-5807
-4434
-3473
-2939
-2379
-1853
-1869
-2056
-1769
-1400
-1556
-1622
-319
1890
3218
3302
2644
1081
-1478
-4476
-7151
-9101
-10480
-11274
-10764
-8208
-4041
263
3823
6652
8518
8730
7430
5754
3885
1210
-1825
-3918
-4457
-3845
-2801
-1601
-370
392
348
-113
-319
-426
-1144
-2046
-1942
-713
950
2802
4735
6104
6274
5492
4535
3604
2314
640
-771
-1397
-1077
93
1790
3679
5192
5591
5135
4728
4355
3455
1972
657
54
-261
-435
112
1021
751
-1093
-3000
-4005
-5080
-6655
-7383
-6722
-5737
-4558
-1887
2182
5595
7155
7663
7829
7096
5251
3119
1102
-1133
-3419
-4989
-5163
-4076
-2940
-2574
-2634
-2625
-2670
-2942
-3173
-3043
-2893
-3017
-2680
-1187
926
2471
2864
2267
1046
-581
-2524
-4399
-5828
-7039
-8151
-8385
-6918
-4225
-1591
434
1996
3032
3432
3436
3346
3092
2241
825
-227
-258
379
876
878
581
8
-1005
-1940
-2170
-2195
-2680
-3065
-2582
-1208
807
3039
4853
5919
6228
5883
5223
4554
3735
2378
756
-196
-115
623
1766
3122
4151
4439
4221
4063
4050
3798
2958
1673
735
572
536
362
608
765
-655
-3098
-4487
-4869
-5835
-7191
-7247
-5907
-4561
-3002
187
4195
6569
6965
6965
7009
6063
3895
1661
-143
-2083
-4119
-5094
-4368
-3003
-2351
-2401
-2445
-2280
-2332
-2693
-2791
-2480
-2358
-2445
-1654
390
2331
3102
2957
1965
78
-2120
-4203
-6129
-7745
-8933
-9496
-8844
-6454
-2936
255
2560
4227
5249
5338
4761
4091
2986
1041
-957
-2048
-2034
-1244
-436
-119
-130
-316
-811
-1280
-1116
-909
-1454
-1904
-1138
550
2461
4379
5943
6555
6145
5359
4744
4179
3130
1534
148
-383
-67
791
1979
3240
3888
3541
3098
3323
3573
3207
2431
1724
1447
1492
1531
1656
1873
1162
-1232
-3754
-4838
-5483
-6911
-8049
-7454
-5896
-4554
-2484
1265
4965
6417
6311
6531
6700
5460
3365
1684
360
-1316
-3010
-3410
-2402
-1624
-1923
-2491
-2733
-2934
-3411
-3862
-3775
-3240
-2845
-2436
-874
1707
3475
3837
3665
2845
727
-1977
-4294
-6424
-8575
-10240
-10738
-9623
-7092
-3872
-604
2260
4469
5896
6370
6158
5580
4050
1494
-813
-2129
-2849
-3106
-2735
-2234
-2037
-1847
-1482
-968
-281
127
-27
1
748
1871
3101
4517
5676
6028
5720
5290
5019
4421
3147
1747
754
117
80
816
1993
3103
3709
3877
4055
4362
4279
3615
2684
1672
867
482
240
185
318
-285
-1973
-3489
-4140
-4901
-6354
-7327
-6888
-5836
-4714
-2606
883
4179
5804
6510
7479
7883
6609
4372
2343
446
-1771
-3694
-4196
-3513
-3072
-3237
-3074
-2508
-2300
-2600
-3060
-3320
-3212
-3075
-2608
-854
1700
3475
4180
4767
5013
3524
547
-2421
-5558
-9218
-12190
-13427
-12888
-11136
-8597
-5139
-1031
2835
5783
7508
8086
7628
5833
3128
836
-829
-2628
-4217
-4630
-4132
-3510
-2760
-1739
-791
-135
423
1128
2181
3550
4604
5237
6125
6930
6834
6000
4851
3274
1158
-1022
-2302
-2463
-2152
-1274
554
2959
5491
7738
9291
10152
10158
8894
6680
4541
2828
861
-1488
-3230
-3952
-4740
-6322
-7563
-7654
-7939
-9267
-9851
-8246
-5987
-4273
-1598
2689
6646
8951
10459
11964
12334
10360
7137
3947
649
-2668
-5401
-7076
-7435
-7148
-7094
-6802
-5421
-3805
-3367
-3498
-3014
-2271
-1781
-655
1865
4716
6490
7496
8520
8968
7853
5291
1701
-3099
-8608
-13338
-16491
-17936
-17941
-17118
-15003
-11070
-6081
-897
3888
7471
9391
9795
9353
8633
7294
4718
1285
-2006
-4508
-5974
-6494
-6415
-6068
-5482
-4403
-2458
492
3583
5574
6497
7213
7820
7929
7658
7117
5929
4072
2424
2116
2884
3234
3138
3461
3936
4284
4697
5135
5318
4798
3731
2989
2933
3139
2720
1370
-27
-892
-2170
-4585
-6665
-7398
-8339
-9902
-9709
-6902
-4026
-2316
282
4290
7224
8125
8462
8652
7499
4941
2447
587
-1177
-2910
-4413
-5149
-4515
-3415
-3340
-3761
-3434
-3023
-3496
-3878
-2968
-1909
-1902
-1553
619
3455
5220
6021
6495
6430
5402
3459
1161
-1195
-4501
-9115
-12950
-14322
-14493
-14884
-14692
-12735
-9689
-6532
-2676
2151
6294
8155
8518
8802
8721
7334
4342
392
-3381
-6532
-9019
-10037
-9037
-7223
-5744
-3572
245
4498
7659
9520
10361
10173
8995
7410
6156
5096
3699
2242
1671
2465
4021
5273
5976
6567
6849
6265
5373
4813
4064
2904
1816
1212
1369
1952
1959
1161
434
-142
-2029
-5163
-7293
-8064
-9252
-10523
-9403
-6027
-3271
-1219
2489
6860
8902
8849
8567
7717
5324
2425
67
-1911
-3390
-4427
-4999
-4347
-2523
-1162
-1368
-2027
-1952
-2211
-3535
-4316
-3748
-3315
-3597
-2606
545
3739
5468
6233
6552
6272
4909
2325
-585
-3305
-7039
-11916
-14902
-14859
-14577
-14904
-13932
-11182
-7913
-4762
-995
3538
6949
8028
8186
8631
8538
6763
3292
-672
-3969
-6824
-9404
-10265
-8766
-6953
-5537
-2489
2296
6646
9504
11178
11821
11256
9495
7170
5301
3888
2115
645
812
2433
4417
5854
6930
8135
8346
7136
6133
5677
4639
3071
2001
1786
1993
1904
1179
581
-171
-2886
-6585
-8778
-10034
-11628
-12498
-11039
-7826
-4576
-975
4051
8991
11421
11645
11353
10061
7181
4015
938
-2036
-4146
-5556
-6149
-5006
-3040
-2266
-2693
-2940
-2913
-3391
-4198
-4601
-4299
-3907
-3394
-1125
2780
5976
7577
8174
8062
7291
5389
2137
-1356
-5010
-9903
-14373
-15740
-15396
-15540
-15339
-13824
-11204
-7928
-4396
-437
3505
5749
6414
7337
8618
8731
6826
3398
-206
-3267
-6128
-8353
-8707
-7967
-7637
-6211
-2281
2523
6572
9435
10955
11395
11018
9808
8235
6680
4657
2386
1327
1994
3753
5572
6531
7266
8058
7894
7209
6826
5855
3868
1933
911
786
1003
580
-453
-1149
-2426
-4985
-6968
-7901
-9182
-10687
-10749
-8447
-5061
-1902
1689
5966
9121
10098
10280
10161
8333
5107
1840
-1172
-3384
-4604
-5377
-5324
-4155
-3023
-2782
-2695
-2302
-2336
-3184
-4232
-4363
-3581
-2939
-1758
1022
4026
5934
7106
7785
7681
6423
3569
-245
-3800
-7627
-12202
-15436
-16275
-16496
-16712
-15709
-12834
-8893
-5174
-1571
2575
6120
7708
8249
8871
8728
6677
3129
-736
-3957
-6557
-8967
-10338
-9668
-8120
-6476
-3394
1310
5871
8923
10590
11598
11986
11246
9630
7943
6226
4311
2917
2809
3956
5643
6760
7275
7953
8511
8458
7892
6884
5297
3304
1529
379
-309
-1123
-2552
-4118
-5708
-7492
-8502
-8828
-9425
-9706
-8562
-6097
-3117
273
4189
7553
9251
9670
9794
9321
7046
3679
627
-2292
-4743
-5987
-6291
-5883
-5034
-4450
-4101
-3225
-2091
-1944
-2613
-2873
-2500
-1951
-1220
538
3263
5195
5966
6900
7736
7170
5031
1824
-1968
-5965
-10369
-14772
-17349
-18080
-18925
-19132
-16616
-12325
-7885
-3448
1225
5975
9393
10619
11033
11108
9280
5139
376
-3627
-7075
-10128
-12190
-12370
-10536
-8074
-5233
-607
4850
8741
11060
12697
13491
13033
11433
9398
7575
5896
4143
3269
4041
5482
6672
7521
8264
9081
9209
8479
7864
6903
4954
2991
1757
709
-672
-2105
-3527
-5605
-7916
-9332
-9960
-10492
-10924
-9898
-7125
-4270
-1077
3470
7488
9437
10294
10743
10164
8064
5003
1739
-1374
-4044
-5840
-6513
-6367
-5796
-5100
-4740
-4255
-3152
-2623
-3138
-3381
-2809
-2118
-1270
568
2989
4898
6396
7700
8361
8132
6721
3975
159
-4168
-8318
-12590
-16924
-19700
-20929
-21536
-20371
-16940
-12279
-7109
-1713
3845
8869
12371
14036
13888
12163
8716
3762
-1479
-6305
-10384
-13301
-14627
-13683
-10747
-6957
-2471
2773
7682
11162
13454
14610
14131
12594
10511
7968
5952
4672
3662
3439
4255
5773
7305
8413
9401
10047
9959
9434
8513
7157
5527
3633
1525
-814
-2835
-4538
-7383
-10665
-12195
-12677
-13298
-13074
-10738
-6999
-3689
-192
4833
9567
11920
12507
12665
11903
9322
5966
2668
-718
-3718
-6030
-7407
-7557
-7004
-6570
-6572
-6183
-5026
-4297
-4224
-3874
-2999
-2029
-1077
814
3555
5573
6824
7926
8477
8259
7154
4843
1283
-3000
-7325
-11867
-16266
-19404
-21360
-22538
-22173
-19279
-14385
-8897
-3081
3159
8766
12754
14976
15389
13887
10100
4533
-1289
-6572
-10969
-14100
-15507
-14633
-11812
-7790
-2810
2668
7807
11560
13642
14626
14462
13050
10888
8410
6226
4750
3823
3669
4643
6379
7891
9040
10256
11039
11199
10745
9275
7366
5336
2656
-505
-3430
-5600
-7882
-11167
-13422
-13517
-13102
-12787
-11239
-7473
-3308
-298
3497
8438
11756
12654
12550
12131
10510
7305
3758
550
-2520
-5305
-7387
-8417
-8392
-7824
-7586
-7555
-6462
-4900
-4316
-3986
-2856
-1392
-372
806
2995
5255
6663
7752
8730
9075
8347
6580
3799
-223
-4951
-9538
-14449
-19550
-23012
-24584
-25001
-23231
-18751
-12695
-5811
1487
8510
14386
18318
19487
17806
14034
8489
1749
-5177
-11354
-15656
-17818
-17935
-15580
-10948
-5233
430
5955
10987
14291
15849
16000
14588
12390
9994
7545
5607
4445
4065
4411
5437
7079
8813
10077
10782
11302
11422
10341
8780
7179
4403
662
-2778
-5536
-8574
-12493
-15216
-15697
-15706
-15323
-12749
-7888
-3286
240
4986
10307
13327
14046
13752
12648
10028
6073
2341
-774
-3779
-6336
-8017
-8618
-8056
-7030
-6678
-6683
-5738
-4647
-4584
-4377
-3113
-1699
-804
410
2788
5371
6952
7958
8836
9078
8262
6414
3705
154
-4024
-8667
-13962
-18628
-21641
-24243
-25549
-23885
-20250
-15172
-8623
-1099
6776
13377
17754
20033
19826
16759
11161
4305
-2883
-10060
-15828
-19137
-19830
-17660
-13319
-7719
-1091
5713
11367
15284
17628
18138
16576
13814
10735
7976
5801
4000
3323
4127
5656
7602
9550
11311
12825
13244
12467
11147
9521
7134
3263
-1020
-4264
-7380
-11477
-15302
-16730
-16568
-16992
-16412
-12434
-7233
-3364
653
6326
11452
13610
13894
14149
13513
10449
6189
2660
-554
-4001
-6843
-8530
-9072
-8944
-8973
-9036
-8153
-6414
-5201
-4803
-3765
-1771
-168
1007
2882
5276
6751
7044
7545
8535
8563
7197
5203
2785
-141
-3671
-7824
-11979
-15852
-20038
-23651
-24663
-23171
-20419
-16474
-10652
-3085
4633
11285
16807
20466
20627
17234
12088
6260
-724
-8561
-15093
-19011
-20352
-18883
-14834
-8806
-1872
4396
9768
14529
17852
18737
17205
14463
11434
8419
5967
4456
3934
4250
5225
7032
9500
12066
13908
14343
13668
12455
10801
8035
3789
-592
-4678
-9611
-14545
-17267
-17857
-18483
-18832
-16124
-10826
-5878
-1201
4645
10346
13396
14195
14975
15188
12741
8401
4291
756
-2727
-5825
-7774
-8809
-9568
-10077
-10095
-9266
-7651
-6410
-6016
-5065
-2853
-471
1474
3582
5838
7206
7627
8192
9042
8828
7046
4768
2619
307
-2424
-5486
-8787
-12726
-17068
-20409
-22065
-22398
-21706
-19878
-15893
-9578
-2303
5146
12019
17109
19441
18926
16520
12458
6053
-2059
-9833
-15587
-18905
-19783
-17909
-13606
-8078
-2046
4365
10587
15375
17581
17392
15857
13656
11100
8517
6331
4853
4186
4599
6171
8468
10832
12665
13708
14039
13753
12857
10745
6863
2171
-2302
-7207
-12731
-16925
-18957
-20357
-21235
-19421
-14407
-8680
-3591
2484
9366
14149
16147
17239
17732
15855
11507
6870
2898
-1067
-4797
-7528
-9142
-9841
-10198
-10520
-10166
-8744
-7179
-6471
-5828
-3788
-1087
857
2839
5591
7766
8331
8324
8812
8846
7317
4922
2611
366
-2170
-4897
-7576
-10522
-14023
-17698
-20457
-21513
-21382
-20444
-18000
-13254
-6738
286
7443
13911
18022
19135
17694
14288
8981
1685
-6473
-13593
-18619
-21053
-20441
-17023
-11640
-5245
1428
8051
13831
17601
18790
17710
15332
12452
9485
6954
5140
4154
4265
5488
7676
10536
13164
14608
14893
14612
13697
11570
7791
2947
-1770
-6883
-12645
-16961
-18952
-20225
-21323
-20188
-15506
-9627
-4542
1248
8071
13374
15954
17339
18420
17420
13452
8650
4582
709
-3297
-6868
-9436
-10839
-11635
-12258
-12161
-10927
-9266
-8149
-6999
-4299
-621
2142
4327
7215
9828
10796
10725
10581
9868
7662
4583
1962
-251
-2794
-5672
-8374
-10705
-13371
-16575
-19119
-20509
-21199
-21040
-19176
-14864
-8814
-2454
4333
11450
16916
19446
19418
17189
12454
5272
-2892
-10314
-16354
-20520
-21914
-20102
-15577
-9491
-2754
4209
10551
15113
17452
17730
16316
13678
10384
7424
5504
4431
4286
5483
7638
10392
13379
15697
16723
16348
14913
12482
8492
3422
-1569
-6954
-12928
-17565
-19597
-20334
-20851
-19486
-15164
-9837
-4844
1034
7701
12670
15095
16630
17904
17377
14398
10505
6652
2454
-1694
-5174
-8099
-10442
-12279
-13846
-14546
-13765
-12077
-10516
-8828
-5730
-1583
2137
5537
9106
11818
12791
12681
12237
11034
8549
5374
2233
-732
-3335
-5669
-8146
-10588
-12879
-15548
-18422
-20439
-21278
-21367
-20338
-17124
-11706
-5329
1513
8778
15069
18964
20223
18855
14867
8627
1008
-6783
-13815
-19046
-21392
-20786
-17596
-12080
-5195
1758
8010
13151
16651
17887
16918
14483
11309
8206
5910
4543
4293
5397
7294
9660
12731
15778
17406
17288
15934
13599
9806
4620
-563
-5743
-11921
-17387
-19931
-20469
-20565
-19478
-15662
-10307
-5439
76
6777
12015
14433
15538
16479
16308
14140
10880
7412
3568
-150
-3126
-5762
-8113
-10070
-12154
-13954
-14248
-13098
-11758
-10679
-8489
-4527
-396
3372
7557
11121
12741
12986
12824
12112
10196
7125
3679
328
-2614
-5051
-7571
-10264
-12929
-16010
-19007
-20840
-21493
-21296
-20205
-17227
-11755
-5152
1768
8974
15011
18508
19421
18065
14533
8603
871
-6900
-13481
-18156
-20245
-19556
-16262
-11082
-4986
1496
7888
13019
15950
16706
15846
13967
11278
8371
6263
5050
4557
5210
7001
9645
12682
15005
16270
16878
16496
14487
10676
5952
1187
-4684
-11757
-17123
-19819
-21756
-23113
-21770
-16907
-11174
-6079
507
8263
13706
16177
17618
18555
17409
13739
9558
5804
1866
-1882
-4879
-7055
-8377
-9634
-11448
-12774
-12743
-12230
-12154
-11644
-9304
-5719
-2314
1516
6464
10687
12823
13878
14591
14207
12004
8600
5126
1643
-1971
-5338
-8403
-11075
-13910
-17611
-20679
-22097
-22672
-22584
-21197
-17345
-11251
-4561
2784
10762
17320
20766
21150
19476
15653
8858
195
-8126
-15094
-20124
-22385
-21287
-17103
-11262
-4785
2300
9369
14901
17867
18424
17248
14691
11258
8004
5752
4292
3456
3997
6283
9697
13191
15871
17690
18369
17381
14915
11035
5983
-102
-7613
-14883
-19703
-22565
-24385
-24642
-21874
-16333
-10300
-3599
4628
11973
16258
18178
19464
19791
17375
12968
8413
3953
-384
-4001
-6504
-8154
-9808
-11784
-13352
-13742
-13159
-12695
-12577
-11451
-8587
-4918
-937
3781
8487
11504
12905
14040
14837
13887
10873
7196
3656
48
-3341
-6204
-8734
-11840
-15984
-19384
-21032
-22069
-22797
-22559
-20111
-15207
-8993
-1402
7078
14291
18818
20689
20715
18597
12989
4675
-4070
-11914
-17929
-21253
-21368
-18381
-13633
-7856
-661
7096
13410
16998
18034
17352
15258
12191
9251
6920
4895
3565
3961
6397
10054
13533
16078
17943
18956
18285
15753
11849
6717
-475
-9350
-16621
-20945
-24522
-27558
-27535
-23434
-17532
-11453
-3301
6388
13382
16918
19566
21923
21753
18061
13257
8876
4270
-299
-3912
-6347
-8173
-10332
-12845
-14352
-14241
-13965
-14474
-14398
-12018
-8060
-4189
322
6029
10816
13239
14467
15623
15621
13027
8912
5094
1647
-1657
-4618
-7074
-9037
-11445
-14988
-18120
-19710
-20975
-22625
-23069
-20265
-14866
-8577
-971
7787
15459
20327
22339
22294
19624
13044
3836
-5325
-13244
-19354
-22803
-22951
-19944
-14868
-8463
-884
6775
12861
16493
17719
17279
15583
12864
10151
7843
5616
4418
5045
7184
10194
12988
15284
17260
18146
17320
14698
10722
5476
-2383
-11547
-18061
-22299
-26682
-29562
-28067
-22750
-16696
-9994
-324
9656
15761
19133
22133
24015
22470
17863
13149
8880
4008
-588
-3954
-6439
-8685
-11412
-14294
-15822
-16083
-16573
-17154
-16224
-12835
-8257
-3771
1853
8354
12940
15228
16741
17595
16517
12905
8425
4476
563
-3280
-6510
-9112
-11143
-13872
-17534
-19695
-20610
-22137
-23081
-21753
-17693
-11905
-5335
2854
11461
17916
21621
22823
21833
17769
9956
844
-7412
-14902
-20560
-22943
-22112
-18529
-13150
-6595
987
8070
13205
16216
17263
16893
15066
12225
9838
7703
5687
5094
6005
7941
10627
13121
15151
16726
16938
15333
11995
7242
1240
-6770
-15024
-20653
-24788
-28196
-28792
-25643
-19797
-13194
-5640
3775
12003
16931
20142
22305
22590
20226
15939
11741
7708
3170
-921
-4109
-6888
-9620
-12780
-15562
-16781
-17416
-17935
-17366
-15023
-10746
-5716
-369
6018
11784
15324
17444
18531
18018
15512
11351
6752
2425
-1595
-5107
-8260
-10890
-12926
-15854
-19149
-20585
-21499
-23125
-23567
-21317
-16476
-10510
-3628
4825
12879
18573
21780
22784
21484
16532
8118
-731
-8562
-15621
-20785
-22881
-21968
-18516
-13301
-6567
1092
7941
12924
15850
17303
17616
16103
13590
11316
8829
6734
6270
7282
9148
11209
13301
15474
16947
16766
14519
10462
4948
-2723
-11731
-18737
-23639
-28195
-30597
-28650
-23029
-16148
-8750
429
9524
15566
19103
21504
22500
20687
16418
12250
8928
5464
1945
-1034
-3620
-6151
-9095
-12608
-15555
-17510
-19336
-20541
-19565
-15578
-9934
-4202
2562
10128
16216
20127
22187
22323
20168
15746
10538
5687
912
-3299
-6582
-9466
-11647
-13402
-15533
-18062
-20944
-22850
-23295
-22728
-19507
-13737
-6564
2011
10743
18696
24780
27247
26030
21483
14327
5725
-3771
-12570
-19029
-22727
-23091
-20256
-15008
-7891
-427
6110
11999
16717
19066
19224
18044
16172
13978
11837
10381
9763
9899
10969
12793
14888
17107
18388
17656
15581
12188
7029
107
-8444
-16131
-21858
-27035
-29776
-28300
-23813
-17846
-11051
-1867
8244
15021
19347
22789
24140
22862
19432
15667
12358
8267
3891
614
-1728
-4048
-7276
-11171
-14290
-16581
-18902
-20420
-20004
-17307
-12861
-7577
-873
7076
13811
18289
21313
22826
22040
19070
14763
9848
4867
184
-3857
-7554
-10876
-13660
-17290
-21168
-23736
-25901
-27100
-26284
-23080
-16924
-8970
249
10156
18800
25053
27896
27225
23527
16382
6966
-2575
-11396
-18396
-22281
-22904
-20461
-15565
-9180
-2120
4683
10609
14722
16412
16690
16004
14320
12547
11029
9998
9792
10275
11586
13762
16089
17817
18628
18284
16598
13308
8236
1459
-6759
-14749
-21086
-26452
-29897
-29655
-26450
-21360
-14546
-5686
4077
11793
16987
21076
23500
23102
20347
16703
12962
8720
4318
913
-1685
-4289
-7123
-10470
-13745
-16025
-18117
-20231
-20737
-19000
-15594
-10997
-5104
2040
8801
14059
18133
20634
21027
19332
16097
12150
7597
2987
-833
-4445
-8361
-11864
-14882
-18748
-23182
-26346
-27992
-28373
-26694
-22024
-14471
-5328
4290
13705
21943
27277
28264
25644
20545
12875
3067
-6769
-14582
-19915
-22600
-22137
-18482
-12430
-5651
954
7507
13284
16796
17701
17513
16918
15397
13350
11683
10894
10884
11306
12619
14864
17046
18366
18272
17016
14730
10374
3684
-4618
-13019
-19854
-25814
-30451
-31257
-28475
-23744
-17567
-9048
1324
9715
15039
19369
22450
22737
20147
16495
12988
9006
4628
1070
-1319
-3676
-6798
-10326
-13616
-16309
-18943
-21606
-22855
-21775
-18837
-14649
-8903
-1663
5329
10851
15359
18741
19738
18299
15584
11965
7674
3360
-387
-3645
-7168
-10700
-14047
-17986
-22291
-26211
-28997
-30003
-28989
-25148
-18163
-9164
788
10674
19210
25199
27466
25877
21080
13515
4222
-5380
-13799
-19621
-22591
-22736
-19903
-14582
-7878
-1025
5386
11000
14935
16804
17268
17112
16425
15062
13569
13018
13473
14165
15190
16835
18624
19524
18822
17049
14219
9299
1945
-6737
-14427
-20630
-26501
-30311
-29903
-26204
-20913
-14146
-4853
5185
12418
17269
21530
24181
23816
21044
17808
14714
10885
6847
3621
988
-1868
-5619
-9727
-13112
-15902
-18728
-21022
-21253
-18984
-15120
-10012
-3313
4490
11465
16525
20542
23411
23751
21857
18894
15237
11369
7686
4359
1156
-2092
-5062
-9182
-14274
-17620
-20451
-23380
-23981
-21861
-16834
-9537
-1006
8618
17356
23587
26908
27212
25081
19681
11158
2483
-4975
-11222
-15085
-16211
-15254
-12327
-7981
-2985
2330
7230
10484
11834
12877
14077
14404
14304
14381
14201
14102
14833
16073
16953
17540
17805
16879
15283
13339
9789
4195
-3499
-11744
-18246
-24070
-29253
-31430
-30332
-26701
-21340
-13587
-3370
5379
11463
16695
20663
22360
21358
18454
15061
11140
6809
3010
58
-2527
-5726
-9628
-13127
-15834
-18458
-21351
-23432
-23386
-21407
-18138
-13219
-6528
570
6458
11319
15646
18007
17765
16023
12907
8836
4843
876
-3024
-6975
-10504
-13881
-19012
-23598
-26042
-28788
-30550
-29842
-26592
-20318
-12726
-4080
5348
13125
18187
20244
19843
17032
10458
1724
-6239
-13184
-18743
-21629
-21930
-20054
-16276
-11498
-6210
-546
4109
6476
7497
8525
9140
8645
8011
8080
8351
9091
10908
13137
15260
17034
17166
15777
13900
10018
3101
-5446
-13419
-19472
-24905
-29662
-30985
-29287
-25680
-20323
-13299
-4393
3242
8004
12217
15560
16530
15318
13020
10889
8496
5332
2617
708
-1509
-4589
-8173
-11516
-14368
-17546
-20794
-22462
-22151
-20256
-17040
-12428
-6111
366
5497
10060
13989
15775
15161
13397
11167
8230
4817
1639
-1158
-4127
-7070
-10171
-14449
-18579
-21979
-25428
-27269
-26893
-24346
-19122
-12118
-3737
5115
12738
18374
21210
21180
18458
12656
5192
-2102
-8898
-14159
-16795
-17258
-15694
-12028
-7310
-2388
2354
6072
8178
9014
9478
9598
8904
8342
8549
9105
10648
13033
15214
17319
18929
18955
17643
15451
11387
4730
-3710
-11512
-17512
-23250
-27614
-28301
-26148
-22150
-16631
-9113
-425
5868
9933
14079
17294
18289
17392
15741
14242
12325
9852
7679
5530
2524
-1627
-6311
-10348
-13842
-17735
-21326
-23012
-22274
-19683
-15940
-10782
-4206
1935
6808
11413
15253
16847
16320
14725
12548
10109
7443
4403
1108
-2156
-5244
-9309
-14118
-17699
-21012
-24387
-25728
-24621
-20904
-15153
-8332
-152
8181
15012
19696
21867
21715
18604
12445
5570
-771
-6705
-11200
-13540
-13745
-11943
-8769
-4623
-45
3929
6558
7906
8892
9728
9666
9210
9376
9960
11032
13173
15789
18013
19758
20734
20367
18831
16235
11330
3713
-4662
-11673
-17679
-23388
-26683
-26410
-23896
-19683
-13216
-4517
3508
8660
12967
17092
19312
19325
17996
16306
14436
12219
10383
9052
7032
3728
-413
-4544
-8362
-12561
-17042
-20594
-22276
-21601
-18972
-14763
-8759
-2302
3312
8981
14503
18011
18899
18148
16629
14131
11036
8030
4512
621
-3129
-6982
-10460
-13565
-16971
-19966
-21459
-21290
-19283
-15343
-9950
-3646
2943
9214
14634
18346
19599
18161
14739
10323
5122
-181
-4410
-7349
-8981
-8789
-6912
-3983
-534
2482
4641
6329
7622
8294
8380
8365
8645
9109
10229
12698
15629
18215
20758
22889
24025
23622
21504
18007
11521
2229
-5976
-12912
-20190
-25869
-28004
-26583
-23047
-17576
-8794
494
7140
12469
17058
19997
20744
19275
17036
14900
12690
10995
9958
8723
6835
3868
-102
-3973
-7982
-13030
-18293
-21984
-23013
-22115
-19770
-14824
-8300
-2271
3734
10035
15094
17679
18005
17001
15123
12346
8949
5112
973
-2959
-6859
-10766
-13778
-16489
-19283
-20808
-20933
-19384
-15938
-11601
-6254
-279
5145
9789
13097
14408
13481
10523
6545
2139
-2349
-5702
-7765
-8991
-8394
-6186
-3704
-922
1713
3288
3734
3441
3092
2557
1677
1341
1645
2807
5689
9254
12540
16197
19603
21499
21583
20279
17953
12283
2645
-6223
-13090
-20617
-27588
-30968
-30121
-27385
-23421
-15469
-5575
1551
6497
11124
14846
16423
15421
13194
11109
9181
7514
6530
6002
5202
2968
-850
-4330
-7352
-11934
-17911
-22829
-24855
-24963
-23919
-20016
-14060
-8563
-3092
3220
8955
12325
13096
12142
10143
7626
5018
1790
-2069
-5506
-8496
-10882
-12405
-14079
-15890
-17244
-17943
-16873
-14058
-10851
-7343
-3375
791
4960
8237
9788
9102
6603
3766
799
-2139
-4268
-5916
-6888
-6172
-3710
-506
2137
3679
4377
4396
4011
3453
2195
352
-1041
-1351
-69
2777
5974
8483
10646
13266
15614
16264
15329
12674
7109
374
-4982
-9933
-15100
-19552
-22071
-21660
-18937
-14234
-8264
-2833
1693
5671
9235
12100
12943
11348
8902
7063
5840
4796
3676
2508
1144
-653
-2060
-3086
-5174
-8536
-12031
-14467
-15304
-15060
-14303
-12657
-9986
-6857
-3494
-205
2239
3118
2658
2041
1455
683
-56
-954
-1650
-1455
-952
-985
-1394
-2321
-4052
-6122
-7863
-9021
-9960
-10283
-9254
-7021
-3778
-138
3138
5727
7466
8410
8319
7169
5487
3496
1691
833
902
1495
2296
3202
4191
4878
5147
4792
3434
2056
1554
1654
2610
4601
7165
9825
12188
14269
15354
13710
9656
4653
-1111
-6869
-12020
-16020
-17714
-17336
-14754
-9819
-4045
1354
5513
8289
10372
11243
10222
8229
6428
5144
4632
5049
6117
7036
7003
6302
5188
3199
-89
-4489
-8735
-11745
-13505
-14053
-13017
-10769
-8139
-5096
-1778
1009
2501
2426
1522
510
-334
-851
-1040
-649
392
1769
3339
4736
5066
4133
2395
144
-2088
-4194
-5913
-6643
-6546
-5245
-2719
94
2809
5088
6764
7901
8225
7887
7148
6091
5267
5021
5164
5600
6094
6546
7015
7403
7399
6634
5632
5061
4632
4530
5276
6521
7587
8450
9813
10866
9758
6919
3237
-1264
-5916
-10509
-14465
-16684
-17275
-15867
-11916
-6159
0
5037
9046
12675
14675
14236
12164
8999
5528
2582
498
-207
19
186
358
900
1453
791
-1496
-4352
-7166
-9787
-11712
-12328
-11761
-10627
-8810
-6420
-3933
-1755
-734
-918
-1658
-2646
-3615
-4412
-4785
-4362
-3574
-2622
-1225
91
772
557
-429
-1546
-2779
-3840
-4330
-4496
-3878
-2518
-949
882
2522
3532
3884
3670
3281
2792
2274
2157
2408
3198
4844
6403
7500
8545
8943
8441
7341
5860
4244
2599
1483
1262
1782
3168
4795
6234
7857
9053
8852
7384
5333
2615
-694
-3728
-6022
-7495
-8043
-7570
-6081
-3818
-1416
467
1810
2853
3310
2869
2093
1480
813
326
371
862
1576
2109
2334
2425
2181
1396
179
-1236
-2524
-3765
-4823
-5316
-5472
-5497
-5535
-5716
-5954
-6320
-6998
-7830
-8445
-8670
-8461
-7761
-6489
-4816
-3107
-1562
-348
481
721
164
-698
-1538
-2439
-3094
-3250
-2922
-2209
-1254
-89
923
1480
1713
1622
1237
789
351
67
226
957
2095
3438
4776
5874
6623
7131
7230
6782
6010
5073
4491
4505
4820
5459
6347
7199
7940
8403
8498
7815
5945
3631
1517
-501
-2229
-3452
-4113
-4122
-3641
-2733
-1575
-697
-563
-964
-1163
-1042
-902
-601
127
1307
2722
4321
5956
6815
6437
5108
3255
1331
-680
-2883
-4656
-5539
-5582
-4883
-3616
-2250
-1497
-1585
-1953
-2382
-3152
-4231
-5448
-6166
-5943
-5160
-4050
-2795
-1766
-1313
-1409
-1550
-1857
-2780
-3915
-4611
-4550
-3736
-2509
-962
629
1863
2777
3265
3254
2656
1450
234
-445
-519
-68
790
2005
3548
5027
6201
7068
7315
6876
6061
5229
4601
4156
3833
3834
4277
4928
5614
6186
6436
6327
5869
5156
4426
3509
2429
1558
766
173
-27
-221
-418
-545
-597
-564
-618
-645
-615
-699
-705
-511
-331
-94
143
192
294
364
246
-31
-480
-956
-1492
-2091
-2490
-2707
-2860
-2855
-2722
-2463
-2137
-2065
-2202
-2450
-2981
-3647
-4315
-4887
-5190
-5344
-5318
-4956
-4442
-3969
-3588
-3365
-3319
-3446
-3733
-4005
-4118
-4102
-3876
-3355
-2547
-1574
-619
257
1034
1568
1817
1886
1804
1631
1469
1403
1492
1734
2070
2415
2707
3035
3362
3491
3459
3481
3538
3589
3762
4039
4327
4576
4772
4969
5162
5171
4943
4583
4193
3880
3515
2912
2277
1700
1116
599
119
-205
-465
-838
-958
-773
-602
-576
-719
-832
-880
-1153
-1546
-1822
-2166
-2574
-2764
-2583
-2175
-1899
-1715
-1444
-1279
-1328
-1676
-2363
-3179
-4104
-5008
-5592
-5779
-5685
-5446
-4907
-4017
-3119
-2511
-2259
-2351
-2711
-3368
-4197
-4951
-5606
-6129
-6360
-6109
-5456
-4742
-4030
-3279
-2534
-1854
-1297
-848
-492
-209
134
604
1097
1479
1682
1787
1866
1910
1862
1645
1416
1338
1479
1872
2406
2960
3454
3872
4244
4544
4600
4367
3963
3578
3472
3560
3740
4092
4500
4916
5395
5755
5764
5197
4130
2918
1671
478
-548
-1395
-1829
-1736
-1181
-193
890
1718
2250
2466
2392
2032
1211
70
-1061
-2075
-2699
-2933
-2960
-2771
-2509
-2199
-1809
-1574
-1674
-2170
-2900
-3603
-4216
-4683
-4860
-4816
-4540
-3870
-3038
-2236
-1583
-1272
-1293
-1610
-2173
-2877
-3686
-4449
-4974
-5217
-5118
-4766
-4365
-3885
-3370
-2909
-2462
-2077
-1731
-1346
-883
-280
429
1105
1719
2214
2484
2598
2490
2134
1713
1223
797
604
599
857
1244
1710
2394
3030
3491
3848
3970
3909
3783
3619
3573
3661
3799
4111
4569
5089
5618
5881
5799
5375
4587
3606
2472
1229
71
-874
-1457
-1515
-1167
-581
83
635
1185
1585
1675
1517
981
192
-524
-1092
-1499
-1803
-2099
-2253
-2281
-2310
-2326
-2518
-2985
-3526
-4025
-4261
-4277
-4219
-3934
-3454
-2807
-2015
-1296
-865
-776
-1045
-1484
-1959
-2546
-3222
-3840
-4198
-4223
-3980
-3576
-3149
-2818
-2588
-2404
-2226
-2157
-2195
-2229
-2121
-1715
-1114
-470
216
873
1399
1795
2053
2135
1930
1510
1144
912
761
631
540
602
773
990
1225
1420
1558
1618
1697
1887
2138
2375
2565
2849
3312
3765
4092
4291
4345
4222
3932
3513
2917
2086
1144
238
-522
-1005
-1316
-1505
-1409
-1081
-614
-94
304
538
494
204
-132
-577
-1050
-1443
-1870
-2095
-2067
-2039
-2023
-2104
-2341
-2633
-2996
-3341
-3624
-3880
-3979
-3866
-3587
-3070
-2501
-2088
-1729
-1492
-1463
-1560
-1779
-2059
-2340
-2570
-2596
-2480
-2344
-2126
-1911
-1764
-1650
-1651
-1751
-1868
-1981
-2001
-1840
-1539
-1094
-574
-14
610
1109
1438
1659
1739
1720
1633
1513
1406
1260
1142
1170
1186
1191
1241
1205
1175
1196
1171
1192
1273
1390
1601
1869
2215
2605
2926
3200
3358
3350
3312
3143
2812
2446
1982
1447
1010
632
274
-15
-261
-411
-470
-501
-446
-438
-503
-543
-632
-695
-748
-945
-1154
-1288
-1459
-1614
-1776
-1969
-2187
-2509
-2841
-3080
-3292
-3460
-3535
-3503
-3334
-3084
-2808
-2511
-2302
-2204
-2210
-2308
-2387
-2472
-2579
-2600
-2495
-2292
-2009
-1688
-1383
-1191
-1150
-1185
-1302
-1495
-1744
-1971
-2100
-2085
-1900
-1595
-1166
-712
-317
80
475
818
1030
1140
1234
1349
1470
1545
1585
1610
1583
1503
1391
1227
1011
744
549
512
571
732
988
1344
1765
2206
2574
2805
2905
2830
2665
2469
2193
1886
1599
1366
1236
1182
1189
1227
1218
1180
1136
1061
924
690
429
215
6
-187
-291
-347
-417
-504
-541
-517
-489
-533
-595
-647
-701
-813
-991
-1171
-1399
-1664
-1909
-2107
-2232
-2331
-2394
-2359
-2229
-2012
-1790
-1601
-1370
-1133
-961
-813
-722
-712
-760
-852
-939
-1025
-1146
-1219
-1243
-1220
-1092
-899
-712
-541
-346
-134
79
251
365
431
477
547
651
784
925
1041
1167
1329
1523
1668
1693
1627
1525
1397
1234
1079
974
888
878
982
1186
1459
1699
1904
2081
2217
2294
2276
2197
2104
1978
1856
1797
1761
1716
1647
1535
1439
1358
1222
1057
884
720
576
460
409
388
335
317
342
361
358
327
286
280
285
298
320
322
312
265
194
86
-91
-324
-556
-752
-888
-950
-991
-968
-853
-684
-508
-371
-285
-240
-246
-254
-243
-295
-378
-409
-393
-340
-255
-180
-148
-140
-139
-121
-125
-167
-188
-181
-116
23
183
325
474
611
723
826
913
973
994
1009
1030
1049
1053
1030
968
902
861
805
762
744
750
757
785
860
926
958
983
1016
1056
1081
1068
1043
1030
1012
978
953
932
889
846
798
743
662
556
410
245
126
51
-18
-60
-47
6
91
217
344
452
492
460
411
348
260
114
-66
-228
-340
-404
-431
-440
-443
-425
-406
-369
-299
-295
-338
-370
-410
-451
-493
-528
-552
-574
-546
-483
-417
-351
-287
-263
-231
-201
-207
-238
-287
-321
-330
-312
-280
-242
-168
-85
-22
68
151
191
229
274
325
372
406
434
445
456
454
426
402
381
332
283
250
248
235
207
238
304
389
473
547
611
660
676
699
717
680
621
582
551
528
497
446
399
330
240
172
108
40
-12
-35
6
77
151
249
367
454
545
613
638
617
526
422
316
199
94
10
-32
-42
-62
-87
-98
-136
-216
-288
-370
-438
-484
-501
-492
-443
-370
-296
-184
-73
5
48
78
81
56
16
-19
-42
-56
-46
-21
6
46
83
124
167
180
172
148
105
41
-17
-47
-34
6
80
186
301
419
517
601
625
594
528
443
351
232
105
1
-69
-95
-90
-47
27
87
127
178
245
293
313
340
367
396
426
453
475
447
374
283
193
133
66
-4
-51
-61
-41
-9
43
68
61
28
2
-14
-59
-124
-192
-238
-252
-237
-221
-205
-189
-182
-204
-216
-242
-315
-395
-457
-474
-476
-461
-429
-412
-377
-301
-236
-190
-131
-69
-16
32
95
146
167
165
158
150
127
85
37
-9
-55
-90
-108
-114
-118
-109
-114
-111
-99
-102
-93
-79
-34
10
39
73
114
128
123
112
97
87
71
38
12
10
-4
-25
-37
-37
-29
-24
-7
5
18
42
61
67
75
84
82
92
91
73
51
24
20
24
32
43
31
20
14
-12
-56
-114
-169
-198
-215
-214
-199
-171
-135
-95
-38
3
18
5
-27
-43
-73
-115
-128
-129
-119
-114
-108
-88
-88
-95
-85
-77
-77
-75
-36
32
109
182
236
292
332
339
316
303
291
266
238
214
197
184
170
136
99
60
26
-11
-29
-13
-15
-14
9
34
56
77
112
162
203
238
264
270
282
274
259
247
219
165
102
53
45
44
21
-20
-40
-16
21
30
43
82
127
200
293
389
460
481
490
485
453
388
294
184
102
45
-15
-32
-21
12
42
77
136
182
225
255
256
254
255
264
287
307
317
310
302
288
268
235
177
124
64
-3
-56
-67
-44
-11
23
79
167
257
334
380
425
463
477
477
472
456
427
362
288
212
145
76
23
-17
-30
-32
-29
10
33
35
28
22
25
40
39
52
74
96
135
181
225
242
214
184
169
147
131
77
18
-24
-57
-89
-118
-122
-123
-108
-72
-8
67
135
215
308
400
472
479
438
395
327
239
148
64
-25
-98
-142
-176
-186
-190
-177
-139
-87
-23
24
68
128
185
254
302
308
294
261
230
196
144
87
29
-8
-25
-16
-21
-57
-102
-120
-110
-114
-113
-101
-65
11
96
197
293
372
425
455
460
453
414
340
255
154
53
-55
-158
-251
-332
-384
-398
-382
-337
-264
-155
-17
125
243
333
388
396
362
300
220
129
54
-17
-75
-115
-138
-156
-185
-215
-233
-247
-261
-255
-239
-193
-130
-56
17
99
164
200
236
241
228
197
138
78
22
-36
-103
-174
-246
-303
-345
-353
-358
-340
-298
-246
-156
-50
51
125
195
257
297
308
303
286
248
191
137
98
47
8
-35
-77
-123
-177
-226
-246
-238
-210
-158
-97
-38
32
91
145
188
208
223
224
222
195
147
89
3
-100
-203
-311
-392
-441
-470
-454
-394
-324
-242
-159
-85
-11
29
61
81
69
46
10
-23
-45
-73
-99
-129
-174
-219
-259
-300
-329
-350
-372
-382
-367
-345
-322
-286
-246
-192
-133
-77
-26
7
27
33
36
46
24
-12
-73
-146
-196
-245
-306
-354
-374
-363
-343
-324
-303
-264
-209
-131
-37
37
80
104
123
132
139
133
122
94
36
-24
-91
-158
-215
-256
-284
-293
-284
-257
-202
-148
-110
-80
-48
-18
19
39
30
10
-29
-67
-102
-145
-201
-267
-326
-367
-405
-420
-418
-393
-360
-328
-273
-226
-181
-154
-127
-81
-47
-16
8
14
17
-6
-27
-69
-129
-179
-231
-281
-318
-329
-334
-317
-309
-305
-279
-239
-205
-199
-194
-167
-138
-106
-61
-15
23
61
111
161
180
152
110
52
-17
-90
-166
-225
-246
-231
-197
-148
-82
-24
24
62
92
103
97
84
59
25
3
-5
-22
-34
-39
-35
-30
-43
-62
-90
-119
-145
-154
-166
-176
-182
-185
-173
-151
-117
-76
-43
-21
-9
4
22
38
38
26
-8
-26
-41
-64
-92
-129
-166
-196
-195
-183
-159
-132
-87
-19
59
119
156
176
189
200
187
166
132
58
-18
-52
-78
-90
-110
-125
-117
-112
-115
-137
-166
-188
-201
-179
-145
-100
-50
-13
28
77
127
168
186
170
146
109
80
49
15
-7
-11
-8
-25
-22
-13
-18
-14
2
27
52
65
52
38
36
28
6
-5
-4
-15
-20
-30
-44
-62
-81
-94
-118
-144
-155
-164
-153
-130
-100
-70
-34
-10
3
26
40
50
55
53
39
23
16
8
-10
-26
-46
-58
-52
-48
-61
-73
-78
-75
-69
-67
-75
-71
-62
-42
-28
-15
-11
-27
-30
-18
-2
10
18
19
31
43
44
26
0
-18
-41
-64
-89
-104
-104
-99
-84
-66
-36
-2
19
45
65
57
41
26
13
2
-16
-43
-64
-67
-69
-61
-31
-3
18
31
41
37
31
24
13
-11
-44
-73
-91
-83
-66
-45
-28
-22
-19
-30
-44
-63
-87
-101
-115
-116
-100
-79
-71
-51
-24
-4
17
30
31
16
4
-4
-16
-20
-17
-18
-14
1
15
9
2
-9
-22
-36
-55
-63
-59
-42
-21
-9
4
12
34
63
73
79
78
72
53
37
28
28
33
45
72
91
111
116
110
97
91
88
90
85
67
58
63
93
111
118
125
132
131
113
81
48
6
-26
-43
-38
-22
-13
-7
1
18
29
27
26
6
-16
-38
-53
-40
-25
7
40
57
75
89
94
80
44
1
-19
-25
-37
-54
-64
-73
-74
-62
-37
-20
-24
-13
-3
19
42
52
76
89
80
71
56
26
3
-29
-57
-82
-97
-111
-113
-101
-77
-56
-32
-11
-17
-22
-15
-16
-11
9
22
47
66
91
118
146
155
134
103
57
14
-26
-63
-84
-77
-59
-38
-15
-1
14
23
19
14
2
-2
3
9
25
50
74
81
86
71
53
34
10
0
-24
-42
-41
-28
-8
9
19
44
65
71
97
114
121
138
145
155
158
157
154
142
136
114
78
41
22
11
4
-11
-41
-68
-90
-92
-79
-50
-31
-8
9
27
64
96
117
140
168
177
167
149
124
104
89
76
66
50
25
8
-4
-14
-24
-39
-39
-30
5
70
131
160
172
184
183
182
175
165
154
149
152
162
170
164
152
141
117
93
62
8
-36
-66
-61
-26
26
87
130
172
211
237
249
244
211
185
156
141
119
81
60
55
54
70
84
83
90
93
91
79
74
88
107
132
161
177
204
234
259
288
298
298
287
253
237
233
214
195
173
169
171
174
181
188
188
173
171
172
179
188
205
232
261
290
312
318
308
287
262
221
176
136
98
70
60
52
58
65
73
88
102
110
117
109
113
122
137
159
175
178
164
141
101
61
25
-11
-35
-38
-27
-30
-31
-36
-46
-50
-67
-86
-99
-106
-103
-82
-67
-62
-67
-70
-66
-68
-98
-133
-170
-193
-195
-199
-191
-186
-172
-162
-162
-181
-208
-230
-254
-267
-282
-284
-266
-246
-224
-196
-160
-132
-113
-115
-137
-156
-194
-215
-238
-254
-267
-276
-279
-282
-291
-304
-315
-323
-324
-321
-310
-282
-262
-253
-239
-223
-215
-214
-217
-237
-267
-288
-312
-332
-349
-355
-356
-344
-314
-298
-276
-264
-248
-256
-259
-265
-269
-261
-253
-254
-266
-282
-286
-282
-291
-310
-329
-337
-333
-333
-324
-309
-297
-287
-282
-280
-279
-267
-277
-300
-325
-343
-345
-346
-339
-319
-305
-300
-299
-290
-292
-312
-321
-346
-373
-404
-409
-398
-394
-385
-362
-345
-327
-314
-304
-297
-295
-288
-288
-283
-291
-304
-318
-332
-336
-334
-333
-343
-342
-344
-337
-328
-318
-290
-260
-225
-187
-145
-125
-112
-112
-110
-109
-108
-106
-116
-129
-135
-147
-162
-171
-190
-190
-188
-183
-172
-168
-157
-153
-156
-145
-123
-115
-101
-85
-70
-45
-41
-44
-54
-71
-95
-115
-138
-166
-186
-198
-199
-201
-203
-182
-157
-121
-94
-76
-72
-71
-74
-78
-76
-68
-38
-19
4
24
35
38
24
11
-21
-60
-101
-135
-150
-154
-141
-114
-87
-59
-47
-58
-66
-75
-74
-68
-65
-52
-36
-22
-12
-7
-9
-15
-25
-43
-69
-93
-110
-117
-98
-70
-48
-22
11
41
64
74
72
66
60
65
73
91
119
138
151
162
148
122
89
65
53
43
38
36
40
65
103
152
199
221
216
191
165
142
138
137
153
171
176
183
169
152
137
119
104
93
92
106
129
157
175
197
206
204
190
180
166
152
149
157
185
206
222
225
219
210
189
181
169
158
156
156
159
177
196
192
182
159
143
135
141
158
170
187
202
224
233
238
240
220
217
211
212
220
226
219
203
193
184
184
194
203
223
247
291
330
349
351
329
305
298
289
282
268
259
264
260
262
247
218
209
218
221
220
230
232
253
283
309
334
351
352
361
367
364
366
350
346
342
328
302
288
281
284
277
268
271
263
262
276
294
310
324
329
349
369
384
396
396
398
410
421
418
403
377
354
331
312
291
273
255
243
244
239
237
247
259
272
276
265
264
262
263
267
262
259
250
246
253
265
274
270
258
231
203
171
149
137
140
148
151
148
147
145
148
160
158
169
179
184
185
177
151
119
88
56
23
1
-5
-10
-4
7
4
-6
-13
-4
10
31
40
40
39
39
31
19
0
-26
-47
-57
-56
-62
-62
-66
-78
-104
-124
-136
-144
-151
-143
-125
-109
-91
-69
-59
-53
-63
-73
-88
-113
-127
-154
-171
-186
-195
-199
-198
-192
-204
-229
-251
-262
-278
-280
-277
-265
-253
-254
-239
-215
-180
-151
-143
-138
-150
-167
-179
-202
-238
-266
-289
-298
-299
-307
-318
-319
-320
-322
-314
-316
-312
-316
-316
-302
-292
-293
-294
-309
-306
-294
-279
-257
-265
-284
-305
-333
-365
-384
-388
-396
-393
-387
-379
-375
-375
-379
-388
-390
-380
-359
-349
-347
-333
-313
-299
-295
-306
-321
-332
-338
-352
-374
-399
-423
-442
-457
-453
-441
-431
-424
-420
-408
-400
-384
-369
-363
-366
-371
-374
-362
-347
-342
-346
-354
-352
-355
-354
-362
-359
-364
-364
-370
-377
-383
-385
-380
-373
-363
-345
-317
-304
-293
-290
-281
-267
-258
-251
-236
-241
-245
-244
-240
-255
-259
-243
-236
-239
-262
-290
-307
-323
-326
-322
-324
-323
-303
-283
-267
-250
-234
-223
-208
-188
-172
-156
-165
-177
-187
-182
-172
-146
-120
-119
-109
-107
-110
-113
-122
-133
-160
-187
-189
-178
-161
-157
-157
-162
-152
-135
-120
-112
-128
-148
-154
-170
-185
-168
-148
-127
-116
-104
-91
-76
-66
-69
-76
-93
-120
-162
-195
-211
-214
-191
-161
-123
-89
-67
-59
-61
-60
-69
-81
-96
-99
-88
-69
-62
-64
-56
-47
-46
-48
-48
-56
-62
-75
-91
-101
-94
-78
-59
-34
-21
-16
-6
-4
-6
-9
-10
-13
-21
-36
-49
-60
-70
-75
-73
-60
-50
-30
-10
7
25
14
9
1
-9
-4
1
14
32
40
37
34
34
21
1
-8
-18
-21
-21
-16
-2
6
12
17
17
25
33
35
34
38
38
34
40
42
46
37
32
22
11
14
13
16
15
11
4
1
1
7
20
15
22
29
44
51
49
34
21
17
16
14
9
4
6
11
21
28
15
4
-5
2
20
41
56
61
65
60
60
52
58
71
71
82
82
88
86
79
78
79
67
53
52
62
79
107
134
130
128
128
122
124
131
126
119
118
110
108
107
98
85
61
54
55
45
31
20
17
30
55
88
119
137
146
159
164
177
176
169
168
155
145
129
111
110
111
100
95
83
73
70
67
59
56
47
47
48
59
70
80
100
122
133
131
136
143
150
151
141
129
116
114
127
140
149
143
139
139
132
124
102
71
48
41
49
70
86
84
86
83
91
101
113
106
92
78
73
65
56
55
59
68
66
67
81
93
102
112
115
110
103
89
69
48
50
56
54
55
67
77
80
76
60
44
31
31
29
28
26
32
43
47
45
37
26
9
4
11
17
15
15
4
-10
-17
-17
-2
6
17
16
0
-10
-11
-5
8
6
-5
-20
-17
-8
-7
-5
1
11
28
43
49
46
41
24
-1
-14
-39
-55
-63
-61
-35
-20
-4
0
3
6
10
13
7
4
-5
-9
-6
1
10
25
29
23
21
12
15
15
11
2
-16
-24
-35
-43
-45
-30
-11
5
11
14
24
23
17
7
7
6
1
14
19
24
28
22
10
3
7
21
32
18
0
-15
-15
-8
3
17
23
28
44
62
66
60
46
28
17
4
-2
-5
-8
-5
-6
-7
4
23
37
35
29
24
21
15
14
21
35
53
60
67
73
80
90
90
83
67
62
70
76
101
112
125
126
125
138
133
128
115
105
104
111
124
129
122
107
104
111
109
114
110
99
110
115
123
128
125
122
130
146
151
147
132
112
108
116
121
122
129
119
116
118
120
125
119
123
130
136
146
152
147
139
150
161
182
195
201
208
211
210
195
179
175
193
187
180
157
134
114
110
123
126
124
129
150
170
176
169
173
187
206
221
220
207
192
173
159
149
141
137
132
125
120
121
129
140
135
133
144
152
170
181
189
207
216
209
198
177
161
151
144
144
141
137
128
119
127
121
122
106
97
91
81
85
83
89
104
131
156
176
180
166
156
141
118
95
81
80
91
100
107
109
108
116
117
112
107
107
100
87
83
75
66
66
85
113
137
153
143
126
104
94
86
86
96
89
79
74
77
82
97
111
120
111
103
99
101
110
119
124
125
132
129
126
133
128
121
111
93
92
94
91
80
65
60
60
53
52
47
47
55
56
54
61
67
72
87
108
114
110
97
86
88
101
104
96
89
83
77
77
86
95
101
95
86
89
94
97
96
94
101
111
116
123
133
135
128
124
125
133
120
98
78
66
56
44
50
60
75
93
116
133
141
135
127
128
135
147
142
135
126
120
123
123
120
108
97
98
117
146
151
141
124
107
96
81
61
53
58
80
99
110
109
96
86
81
75
66
55
50
62
68
53
60
66
76
79
68
61
49
53
57
64
69
72
73
83
101
107
110
101
93
83
61
55
55
70
71
66
58
51
59
69
84
91
97
98
87
69
56
50
39
29
17
6
11
18
32
32
19
3
-21
-42
-47
-40
-38
-26
-18
-8
-14
-17
-16
-2
12
11
6
-13
-21
-31
-32
-26
-17
-5
-23
-37
-45
-44
-35
-21
-16
-33
-42
-64
-73
-73
-63
-43
-32
-29
-36
-39
-34
-36
-50
-74
-92
-98
-95
-100
-106
-98
-89
-71
-56
-51
-53
-57
-63
-58
-50
-41
-34
-42
-51
-58
-58
-64
-75
-84
-92
-88
-84
-76
-76
-80
-94
-97
-89
-82
-81
-88
-90
-98
-96
-89
-85
-82
-64
-45
-32
-22
-14
-12
-27
-44
-57
-80
-97
-95
-88
-86
-77
-61
-42
-35
-30
-34
-47
-53
-56
-61
-61
-54
-45
-37
-33
-40
-48
-42
-43
-50
-50
-43
-34
-33
-41
-61
-71
-71
-64
-58
-54
-36
-32
-30
-25
-39
-53
-57
-71
-74
-67
-58
-44
-39
-29
-25
-29
-29
-32
-40
-35
-36
-46
-49
-55
-58
-70
-73
-59
-46
-28
-9
1
15
28
23
2
-23
-48
-62
-69
-80
-72
-65
-48
-29
-10
-5
-6
-4
-10
-9
-15
-8
1
9
16
7
4
11
15
23
23
14
-14
-35
-53
-65
-56
-54
-54
-59
-70
-87
-93
-98
-95
-84
-73
-70
-72
-82
-95
-98
-84
-74
-58
-44
-40
-40
-56
-74
-79
-86
-89
-94
-99
-93
-85
-76
-71
-70
-68
-46
-26
-19
-23
-25
-25
-22
-22
-30
-43
-62
-72
-73
-74
-56
-35
-28
-33
-40
-40
-40
-41
-49
-46
-47
-41
-36
-36
-50
-57
-52
-47
-39
-50
-59
-72
-81
-91
-111
-109
-113
-109
-85
-65
-46
-44
-49
-53
-63
-71
-89
-85
-76
-82
-92
-102
-112
-106
-88
-68
-52
-49
-57
-64
-79
-93
-92
-75
-52
-39
-26
-17
-1
8
10
17
14
9
-4
-32
-40
-39
-37
-20
-20
-21
-31
-41
-47
-40
-37
-49
-61
-54
-31
-14
2
6
5
7
20
28
32
15
3
-5
-9
-6
-17
-17
-23
-12
8
24
35
34
37
36
31
26
25
26
27
25
21
22
38
66
75
86
97
106
103
88
68
48
34
25
23
20
27
47
60
77
81
81
73
65
61
56
61
72
91
97
120
136
141
133
119
93
75
71
69
68
63
63
69
91
115
133
136
133
121
105
91
79
89
101
116
126
132
128
122
121
111
105
99
102
106
114
113
105
105
102
104
109
105
109
118
120
124
124
131
121
110
111
111
110
107
101
91
86
81
83
84
92
106
125
138
147
142
132
120
111
108
96
93
92
102
106
92
86
82
71
66
58
64
67
68
54
41
26
9
10
7
24
31
41
38
42
46
47
49
50
48
38
43
46
55
46
34
21
20
34
39
30
33
36
36
36
39
41
41
40
38
31
36
56
68
71
54
32
16
14
2
-14
-31
-43
-58
-70
-72
-70
-61
-49
-32
-21
-11
-4
-14
-32
-61
-80
-78
-73
-50
-39
-23
-4
2
3
-15
-42
-61
-73
-87
-92
-93
-88
-78
-64
-57
-55
-56
-47
-45
-46
-64
-85
-100
-99
-78
-62
-46
-53
-65
-86
-107
-115
-115
-112
-118
-117
-113
-112
-116
-121
-115
-103
-91
-81
-84
-84
-85
-91
-90
-93
-102
-92
-82
-88
-101
-114
-113
-99
-88
-88
-95
-107
-117
-125
-139
-146
-150
-149
-134
-122
-118
-112
-99
-85
-71
-74
-90
-100
-109
-121
-130
-136
-141
-127
-109
-96
-91
-90
-85
-86
-94
-90
-87
-81
-89
-105
-123
-129
-120
-107
-91
-92
-92
-94
-96
-97
-103
-109
-100
-90
-77
-64
-58
-52
-55
-59
-75
-96
-123
-138
-143
-147
-149
-144
-139
-134
-118
-121
-123
-129
-137
-126
-122
-120
-114
-110
-100
-93
-99
-110
-113
-122
-117
-127
-136
-129
-124
-119
-121
-118
-117
-124
-129
-128
-128
-118
-112
-94
-86
-82
-80
-91
-94
-84
-74
-65
-58
-59
-51
-49
-39
-46
-49
-53
-60
-68
-72
-80
-91
-93
-103
-96
-78
-61
-59
-46
-44
-33
-26
-25
-30
-47
-50
-54
-58
-69
-77
-82
-78
-66
-53
-55
-73
-84
-102
-114
-128
-135
-127
-117
-109
-99
-91
-83
-70
-68
-63
-81
-82
-72
-64
-62
-58
-53
-47
-49
-62
-63
-63
-62
-53
-44
-38
-29
-13
7
12
13
12
10
-2
-12
-25
-31
-31
-36
-48
-55
-59
-64
-57
-51
-49
-56
-60
-68
-73
-74
-58
-45
-33
-17
-4
5
-2
-13
-22
-30
-31
-23
-14
-2
-12
-12
-13
-31
-37
-43
-32
-10
11
20
21
18
21
19
9
-2
-30
-42
-39
-35
-32
-23
-10
5
8
13
10
2
-8
-28
-48
-57
-42
-32
-16
-9
-1
-2
0
1
-6
-10
-19
-9
6
27
42
49
54
54
39
22
-1
-12
-16
-17
-22
-26
-30
-20
-3
13
21
19
21
23
22
23
18
10
-2
-9
-17
-14
-5
4
14
18
20
13
-3
-13
-16
-4
-1
5
16
30
55
70
65
55
46
35
29
18
4
-1
2
7
17
32
38
38
16
-12
-19
-27
-18
-14
-11
4
15
38
53
48
39
9
-8
-24
-37
-41
-50
-55
-34
1
26
28
17
0
-7
-4
5
15
22
26
25
21
17
6
-13
-24
-27
-29
-28
-9
3
8
10
11
11
4
-2
1
5
16
17
14
17
26
40
33
29
22
17
18
20
23
28
36
53
70
69
60
40
33
33
29
30
24
19
28
33
32
39
38
43
45
44
43
34
21
7
3
9
22
29
35
48
59
70
69
58
44
45
52
52
49
48
47
57
54
51
43
36
28
17
10
3
3
1
-9
-9
6
19
30
47
57
65
69
62
64
67
71
70
63
57
47
37
33
32
35
35
32
30
35
40
32
23
13
19
27
33
30
37
39
54
71
58
48
35
39
45
48
49
48
43
47
54
60
57
55
48
51
57
52
53
52
54
61
73
96
113
120
111
85
53
40
45
51
61
64
74
90
108
112
107
87
69
45
22
19
25
46
62
75
79
86
90
83
59
34
7
-9
-11
-2
3
10
23
25
31
31
28
27
24
25
19
27
31
39
50
58
62
55
48
57
68
78
79
71
68
62
48
23
5
-15
-11
2
22
43
41
28
13
6
3
4
1
-1
2
7
0
-3
3
12
21
21
17
25
41
68
89
89
71
57
35
22
19
11
13
-1
-3
-11
-9
-6
4
27
40
53
66
61
52
43
19
-3
-17
-17
-9
-2
5
26
33
27
14
3
-10
-22
-23
-12
6
22
38
47
43
33
21
14
15
6
5
2
7
0
-14
-20
-23
-15
0
17
28
26
29
35
21
17
20
19
29
30
20
20
22
35
27
15
0
-17
-26
-31
-24
-21
-11
-10
-15
-9
7
17
19
18
16
18
21
28
21
29
28
28
21
14
11
0
-2
-8
-12
-15
-9
-5
-1
3
3
-1
-1
12
28
35
24
8
13
31
36
29
6
-17
-32
-35
-36
-29
-18
-18
-27
-35
-26
-10
0
-12
-26
-31
-35
-15
0
10
14
26
24
20
10
-6
-8
-21
-26
-21
-10
-17
-36
-52
-60
-49
-33
-25
-20
-13
-11
0
9
15
9
-3
-17
-17
2
26
37
31
20
12
8
3
10
2
6
6
11
13
1
-6
-14
-17
-6
8
28
46
47
37
32
22
15
2
-8
-16
-28
-25
-14
1
7
9
4
3
14
30
29
34
30
29
33
37
27
14
23
38
42
33
23
-11
-36
-58
-73
-75
-66
-39
-12
3
10
8
-7
-10
-6
1
4
2
7
7
6
-6
-12
-13
-6
5
5
-4
-17
-31
-45
-55
-58
-56
-44
-34
-21
-13
-10
-3
6
32
52
61
60
46
29
3
-13
-17
-7
13
31
49
53
53
37
28
20
2
-22
-41
-47
-36
-23
-21
-15
-6
26
56
74
77
56
23
-10
-36
-40
-37
-23
-7
-6
-1
5
6
9
4
-3
-8
-24
-33
-38
-44
-37
-38
-29
-6
8
18
18
13
4
4
4
-1
-16
-21
-21
-27
-38
-43
-42
-39
-34
-28
-25
-27
-29
-36
-49
-54
-51
-41
-29
-14
-2
-5
3
4
4
6
19
23
21
19
21
24
20
19
23
28
29
21
1
-23
-36
-37
-25
-27
-31
-34
-22
-7
3
-2
-17
-32
-39
-38
-32
-27
-21
-12
-7
6
6
8
-2
-9
-16
-27
-35
-50
-55
-63
-63
-51
-31
-18
-13
-15
-12
-11
-18
-17
-30
-40
-48
-46
-49
-48
-36
-28
-21
-21
-16
-10
0
3
-1
2
1
7
4
-9
-25
-37
-43
-44
-42
-33
-22
-12
-6
-13
-14
-7
3
14
19
18
15
12
3
-2
1
17
31
42
53
72
79
83
69
43
21
-2
1
-9
0
11
16
19
17
21
9
-5
-31
-53
-57
-57
-55
-47
-31
-24
-16
-33
-45
-54
-57
-43
-36
-20
-15
-9
-10
-3
11
12
11
9
6
-2
-18
-32
-42
-33
-10
10
17
26
14
20
28
25
8
-7
-17
-9
1
4
1
-7
-7
-10
-12
-17
-21
-17
-6
-6
-2
-8
-8
-4
-4
1
-1
-1
7
18
37
42
37
27
19
16
12
21
38
47
53
54
52
53
63
68
64
46
32
26
19
9
8
8
5
5
22
35
43
37
41
46
45
51
51
45
37
24
3
-4
4
23
38
41
41
33
27
25
33
42
53
69
73
82
75
61
61
58
56
44
32
27
26
24
2
-11
-21
-19
-13
3
14
19
26
27
31
43
47
42
26
14
9
2
3
2
8
16
22
14
1
-12
-23
-22
-9
-13
-13
-16
-19
-12
-7
-5
-8
-2
7
8
-1
-5
-18
-15
-3
0
9
-2
-3
-9
-15
-16
-24
-36
-47
-47
-38
-28
-25
-22
-24
-30
-34
-35
-28
-15
-11
-11
-18
-30
-34
-40
-41
-43
-45
-39
-30
-13
-17
-25
-36
-53
-53
-39
-31
-35
-34
-34
-37
-39
-37
-34
-29
-27
-31
-45
-56
-70
-68
-56
-54
-48
-44
-28
-21
-18
-19
-33
-31
-16
-7
1
2
-3
7
11
12
9
10
17
23
14
4
-4
-12
-14
-23
-30
-32
-24
-12
-7
-4
-13
-13
-14
-19
-22
-24
-24
-31
-43
-52
-56
-52
-48
-44
-46
-35
-33
-33
-46
-70
-77
-80
-67
-55
-54
-47
-43
-43
-47
-65
-75
-83
-86
-86
-75
-75
-59
-31
-14
-12
-28
-34
-35
-30
-50
-62
-64
-65
-54
-42
-32
-17
-7
2
-1
-16
-38
-64
-82
-81
-76
-73
-59
-56
-56
-55
-61
-66
-63
-63
-75
-90
-87
-78
-65
-62
-60
-55
-53
-47
-45
-41
-33
-25
-27
-32
-47
-56
-54
-52
-55
-70
-77
-81
-70
-51
-33
-33
-33
-21
-17
-23
-43
-63
-72
-71
-67
-72
-73
-70
-60
-55
-59
-68
-71
-76
-82
-81
-81
-78
-87
-85
-75
-66
-52
-48
-40
-37
-34
-35
-43
-59
-69
-66
-63
-68
-77
-75
-71
-69
-76
-89
-92
-80
-60
-38
-29
-34
-50
-48
-46
-52
-74
-100
-118
-127
-130
-129
-108
-91
-72
-60
-53
-52
-62
-65
-71
-84
-98
-114
-123
-117
-113
-108
-105
-105
-93
-87
-91
-103
-113
-118
-115
-98
-76
-66
-62
-55
-38
-29
-42
-60
-74
-80
-85
-104
-103
-88
-77
-60
-48
-51
-59
-60
-69
-81
-86
-100
-104
-99
-91
-78
-75
-76
-78
-71
-66
-50
-38
-37
-44
-56
-65
-85
-96
-99
-90
-71
-58
-59
-74
-69
-57
-53
-55
-58
-67
-63
-56
-49
-37
-26
-11
-1
7
2
-8
-29
-45
-53
-58
-64
-61
-49
-42
-48
-58
-69
-84
-82
-74
-54
-48
-45
-38
-43
-34
-41
-32
-28
-31
-33
-32
-23
-29
-27
-34
-40
-40
-39
-33
-34
-29
-25
-14
0
-4
-10
-23
-24
-31
-35
-40
-40
-34
-32
-14
-13
-10
-27
-36
-35
-28
-14
-14
-32
-39
-38
-26
-14
1
12
1
-10
-16
-15
-23
-25
-31
-41
-50
-56
-50
-40
-36
-37
-38
-43
-52
-49
-30
-11
-2
6
2
-5
-13
-26
-27
-29
-31
-43
-37
-23
-3
7
12
1
-22
-28
-28
-19
-19
-21
-14
-1
12
11
5
2
5
14
13
3
6
21
32
47
45
45
38
32
27
29
25
21
11
10
-1
-14
-17
-8
8
12
9
1
-6
-7
-7
-1
15
23
31
35
43
44
41
29
8
-13
-30
-35
-39
-34
-37
-26
-9
12
20
9
11
11
10
12
20
21
17
22
24
33
35
32
33
38
43
43
42
24
1
-17
-36
-35
-34
-29
-21
-13
-6
12
26
23
21
15
0
-15
-20
-21
-21
-17
-8
8
18
28
37
24
-4
-27
-18
-4
12
22
21
32
34
44
56
61
47
30
12
2
1
5
16
17
17
17
17
15
20
19
25
15
4
-3
4
18
23
34
34
24
5
-14
-23
-26
-15
4
18
26
22
2
-15
-25
-13
0
14
23
24
33
39
29
30
27
26
29
29
33
23
25
18
19
17
12
6
5
5
10
12
3
1
1
5
10
2
-2
-5
-4
8
11
4
-10
-13
-15
-13
-9
-8
-13
-8
-10
-27
-44
-48
-40
-28
-17
-22
-18
-6
16
33
28
24
20
24
27
38
45
40
35
18
-11
-24
-23
-15
-2
-3
-11
-12
-1
7
15
19
8
-13
-24
-21
6
33
54
54
49
44
37
42
38
35
20
24
35
45
39
34
23
10
13
11
7
7
9
3
5
20
37
42
29
8
5
12
15
7
-3
-14
-22
-30
-33
-37
-48
-45
-32
-13
10
26
24
21
16
15
8
10
24
41
58
66
72
63
61
51
39
42
45
41
35
42
48
53
61
56
55
57
62
65
66
72
70
55
30
22
17
18
9
3
8
8
25
34
30
35
32
21
8
11
28
40
46
47
54
50
45
38
39
33
27
12
13
14
27
37
27
28
23
22
21
17
2
-9
-11
-9
7
22
38
55
45
29
15
-1
-2
3
23
30
39
51
53
55
59
61
57
49
46
57
57
56
55
48
47
51
51
53
49
51
56
63
63
59
53
51
47
37
32
25
19
13
14
22
34
37
27
19
16
18
13
23
32
54
72
86
93
86
70
63
59
57
62
61
62
65
69
70
62
63
69
70
78
75
81
85
88
78
59
56
57
69
74
75
81
80
73
64
49
30
11
0
-9
-9
10
32
55
69
72
66
58
54
49
50
52
45
53
67
68
53
37
32
35
32
27
20
24
24
28
26
26
31
42
48
40
30
29
36
46
50
44
39
41
41
33
29
17
10
10
6
0
1
8
24
42
67
77
89
93
86
92
91
97
86
63
48
50
63
74
69
56
51
42
26
20
14
24
29
23
16
15
13
14
17
17
22
30
39
43
37
31
29
22
26
25
10
4
5
-7
2
13
15
24
18
3
8
22
32
27
12
-2
-16
-3
5
3
10
17
31
40
44
43
43
49
44
34
18
0
-14
-26
-27
-18
-4
9
13
28
37
39
39
35
24
9
0
-3
0
8
13
23
35
47
55
58
55
51
52
39
31
23
19
24
42
62
74
78
68
54
43
43
52
42
42
43
47
65
68
62
47
42
48
54
58
61
70
75
76
67
49
40
46
62
67
64
62
73
94
97
80
51
32
26
27
31
30
34
28
43
61
70
79
90
103
103
108
104
107
92
85
84
84
96
88
78
70
73
77
89
91
79
68
77
77
86
88
74
73
77
86
97
106
112
113
112
104
94
87
75
66
63
55
44
40
41
51
65
61
64
63
54
41
43
49
48
48
35
13
7
15
12
4
-9
-1
17
41
52
47
43
48
44
42
31
13
4
-4
-16
-17
-19
-23
-14
-22
-33
-50
-59
-63
-66
-74
-92
-100
-109
-96
-87
-77
-64
-53
-44
-44
-45
-44
-57
-78
-91
-99
-100
-100
-94
-68
-40
-19
-23
-38
-47
-52
-59
-66
-74
-87
-83
-69
-45
-36
-30
-34
-36
-43
-58
-63
-77
-83
-85
-77
-70
-61
-47
-41
-41
-50
-63
-70
-73
-81
-75
-71
-73
-68
-75
-70
-65
-49
-29
-14
-5
-11
-20
-37
-54
-81
-98
-101
-98
-101
-106
-106
-105
-94
-84
-81
-86
-88
-96
-104
-123
-129
-106
-82
-60
-58
-64
-72
-69
-69
-64
-81
-89
-92
-88
-68
-47
-31
-32
-26
-33
-45
-53
-60
-61
-55
-43
-37
-27
-16
-2
23
35
40
25
11
2
-7
-7
-17
-12
-8
19
45
63
85
96
87
74
58
26
18
26
43
52
54
48
49
46
51
66
76
89
102
119
112
107
106
107
116
115
128
135
142
158
183
214
232
234
237
247
247
259
272
268
263
259
258
255
253
239
241
237
233
247
259
269
284
294
304
317
316
308
303
310
317
327
346
344
345
349
357
364
361
356
346
324
318
317
317
318
310
302
291
276
253
232
229
237
253
260
262
268
277
298
296
291
276
265
259
251
239
225
206
202
203
199
206
210
212
