SAMPLES:	24493
BITSPERSAMPLE:	16
CHANNELS:	1
SAMPLERATE:	16000
NORMALIZED:	FALSE
28
22
31
29
31
32
19
19
19
25
20
10
-1
-3
-8
-10
-6
-5
-19
-27
-29
-33
-27
-29
-25
-25
-30
-27
-28
-29
-25
-24
-22
-19
-18
-26
-24
-21
-16
-8
-8
-5
-1
3
-1
5
6
7
9
8
18
20
17
21
18
9
-5
2
5
-3
-13
-19
-15
-17
-12
-13
-22
-24
-34
-33
-33
-37
-32
-20
-15
-17
-5
6
18
18
16
18
28
25
25
24
18
29
26
18
18
13
19
35
31
27
24
28
23
22
16
19
20
22
18
8
3
7
14
15
14
5
9
7
9
2
0
3
-4
-2
-1
-1
4
13
19
24
27
27
28
31
32
27
19
10
19
24
28
35
26
16
5
6
8
9
3
-8
-13
-22
-20
-19
-12
-7
-14
-18
-15
-11
-6
4
5
0
0
11
16
11
11
12
17
21
28
24
23
37
28
26
28
29
40
33
29
17
15
18
27
30
22
23
14
8
9
5
0
16
19
8
-5
-8
2
11
5
3
2
0
-6
-6
0
-3
0
8
16
29
38
52
53
51
50
39
36
35
38
37
25
23
21
13
19
22
19
19
25
23
28
35
29
18
12
6
17
23
20
12
15
22
18
5
-1
8
4
7
14
13
7
8
14
6
12
16
0
-11
-6
9
15
8
4
0
4
6
-1
4
0
0
5
8
6
5
-3
-22
-18
-17
-19
-29
-33
-35
-35
-33
-33
-27
-15
-5
4
8
8
19
22
13
16
19
24
27
22
27
36
47
55
48
45
47
41
40
41
37
31
40
39
36
27
33
36
23
20
24
29
23
5
-10
-11
-3
-12
-25
-30
-27
-28
-25
-29
-32
-41
-50
-40
-44
-44
-42
-36
-25
-25
-6
8
10
16
27
32
43
42
58
65
54
45
47
61
50
37
43
48
42
31
38
42
39
37
21
18
13
13
22
32
35
30
25
18
3
4
-1
-12
-8
-10
-17
-9
-4
-5
-12
-10
-11
-14
-5
-13
-26
-22
-7
7
11
11
1
-2
14
29
33
23
21
27
25
23
15
20
17
0
-15
-13
-12
-10
0
-8
-5
-12
-5
13
15
17
10
3
20
33
32
21
25
28
32
35
29
26
18
9
-3
1
-3
-6
-6
-7
-7
-16
-22
-19
-13
5
6
8
9
6
11
15
26
22
17
9
8
10
12
9
9
3
9
1
-4
5
-5
-6
-8
-2
-5
0
7
17
29
27
35
45
41
41
42
48
42
35
33
24
20
12
5
8
2
-3
7
17
18
6
5
7
16
12
15
14
6
13
18
16
18
13
13
17
15
7
5
3
-6
-6
-11
-18
-22
-24
-25
-30
-26
-23
-24
-17
-21
-21
-13
-14
-8
-11
-10
-1
2
-3
-8
-13
-6
-9
-15
-15
-18
-18
-18
-28
-36
-31
-27
-21
-16
-15
-10
-1
-1
-2
6
10
17
16
3
8
9
11
7
5
8
2
-5
-3
-10
-15
-16
-25
-26
-33
-39
-48
-55
-41
-39
-45
-38
-31
-30
-35
-27
-16
-15
-21
-15
-15
-24
-22
-16
-21
-34
-29
-27
-15
-8
-14
-10
-6
-1
1
8
21
31
31
27
29
31
34
37
28
27
27
24
19
13
12
7
0
-2
-7
-12
-15
-11
-11
-2
6
0
6
-2
-18
-5
8
1
-8
-7
0
5
2
1
-1
-9
-2
5
-3
-7
-12
-16
-5
-13
-13
-12
-9
-7
-7
-5
3
10
16
17
7
17
17
22
20
8
7
3
4
8
0
-4
-8
-22
-21
-26
-23
-17
-14
-17
-9
1
6
3
-13
-12
4
3
0
-4
2
-2
-7
-20
-26
-13
-11
-21
-34
-30
-23
-25
-34
-32
-18
-13
-1
7
5
0
0
8
8
12
11
8
9
9
16
11
19
13
9
12
13
10
-1
8
-4
-4
-4
-7
-3
-6
-3
-13
-21
-21
-24
-18
-16
-17
-19
-17
-19
-24
-24
-26
-22
-25
-11
-5
-20
-31
-29
-17
-8
-5
-15
-22
-25
-18
-16
-25
-20
-15
-13
-10
-12
-25
-27
-21
-26
-29
-36
-26
-13
-10
-9
-14
0
10
6
7
4
0
1
14
20
20
10
16
17
8
5
4
5
-4
-7
-2
5
0
-5
-5
-1
-4
9
14
6
6
8
2
-4
-6
-7
-19
-17
-25
-11
-12
-14
-14
-10
3
-6
-2
4
6
-2
1
-1
9
19
24
19
13
19
23
17
15
22
9
3
0
3
5
-2
-10
-10
-20
-20
-13
-14
-14
-21
-25
-32
-25
-23
-20
-19
-14
-15
-16
-17
-12
-15
-25
-18
-19
-17
-21
-14
-8
-13
1
-2
-1
-2
0
14
15
-2
-13
-8
-11
-21
-19
-23
-30
-27
-37
-25
-30
-29
-39
-37
-43
-53
-46
-47
-39
-37
-34
-35
-38
-26
-15
-5
-3
-6
10
24
36
37
37
30
24
35
43
34
8
0
5
3
1
1
3
-2
-9
-20
-15
-10
-10
-13
-10
-19
-20
-16
-15
-1
-11
-10
-5
-7
-3
3
-6
-7
-5
-8
3
1
-3
-11
-14
-4
-8
-17
-18
-2
8
-3
-11
-15
-7
-15
-19
-23
-29
-30
-28
-24
-28
-25
-42
-46
-44
-48
-45
-37
-32
-25
-28
-24
-1
6
11
11
8
7
12
14
2
4
3
-1
4
4
3
1
-7
-16
-19
-28
-40
-40
-46
-54
-61
-54
-46
-50
-49
-52
-43
-46
-39
-34
-39
-33
-33
-21
-15
-14
-8
5
1
-2
5
-3
3
0
5
11
4
6
4
4
1
1
5
10
4
6
13
18
14
14
3
-10
-16
-20
-18
-35
-39
-36
-39
-31
-34
-39
-41
-35
-31
-10
-13
-11
-7
-12
-17
-20
-15
-6
-6
-2
10
5
9
9
7
2
-8
-12
-4
-4
-10
-12
-20
-30
-30
-31
-37
-37
-35
-35
-39
-33
-21
-25
-24
-13
-7
-12
-7
-8
-18
-22
-24
-23
-28
-22
-33
-29
-19
-30
-36
-39
-30
-30
-33
-35
-39
-32
-23
-16
-4
-6
-8
-5
-9
4
10
6
7
14
22
24
24
1
-19
-25
-25
-30
-37
-41
-43
-32
-27
-19
-20
-10
-7
-5
3
5
12
18
13
3
2
1
-1
-3
-8
-10
-2
-5
-5
-16
-24
-17
-14
-10
-12
-11
3
13
17
15
18
12
11
8
8
24
25
25
23
26
17
15
6
-3
-15
-29
-37
-35
-31
-16
-19
-38
-37
-41
-34
-36
-33
-25
-21
-14
1
7
9
13
15
30
35
24
10
8
9
9
13
7
-5
-1
1
0
2
-13
-13
-16
-17
-4
1
10
18
25
28
27
12
0
-3
-2
-4
-2
-1
1
-5
-10
-8
-15
-10
0
14
11
11
2
6
10
17
29
22
25
29
26
13
15
8
-1
-18
-25
-31
-39
-43
-51
-50
-52
-57
-57
-55
-54
-33
-30
-27
-33
-25
-22
-16
4
11
24
27
31
30
36
36
33
34
31
24
17
10
6
8
-2
2
-12
-21
-29
-26
-22
-25
-36
-40
-27
-12
-4
-7
-4
-15
-15
-14
-19
-23
-27
-27
-39
-32
-19
-10
-8
0
7
4
18
26
28
28
28
27
23
23
31
28
23
21
16
20
20
17
19
16
7
6
3
2
-2
-8
-20
-20
-6
1
7
12
20
24
34
31
25
27
27
31
29
35
41
42
42
40
36
25
17
15
5
-4
-1
-4
-12
-7
-10
-3
4
2
8
11
6
-13
-8
-10
-9
-6
-6
-5
3
6
1
-9
-19
-22
-12
-9
-15
-14
-5
4
4
6
4
3
13
17
26
29
25
24
22
29
28
21
20
21
20
24
22
16
18
21
18
10
3
-5
1
15
16
9
18
23
21
18
12
17
21
4
-8
-16
-22
-19
-18
-9
-9
-7
-14
-20
-13
-9
-6
-6
-7
-16
-9
3
10
9
5
-1
5
18
27
28
18
16
23
24
20
21
21
15
16
14
12
12
6
10
11
9
8
11
14
16
9
-6
-2
3
13
26
19
9
5
-2
6
4
7
15
14
19
15
17
12
18
19
23
26
23
25
28
33
29
27
26
30
34
35
26
20
13
13
15
11
15
15
20
21
15
1
-1
-5
-2
4
12
19
10
16
16
14
16
11
16
30
43
49
38
31
28
27
20
17
12
21
22
20
31
35
34
20
17
18
22
21
24
21
13
7
6
6
7
5
4
-8
-10
-5
-3
-5
-7
-20
-6
-2
-5
1
4
10
15
22
24
27
20
13
13
16
8
5
11
27
34
33
27
23
18
22
25
20
15
0
-5
-3
-7
-7
-1
2
5
6
6
11
13
17
20
26
30
32
25
22
26
21
17
12
3
-2
-8
-4
-2
-2
-2
-7
-11
-8
-5
-3
10
16
17
10
7
12
25
28
18
5
5
15
23
28
23
28
30
24
21
20
16
15
11
1
2
4
5
8
18
12
2
4
17
18
15
11
6
3
0
0
-2
-3
-5
0
5
1
8
14
31
34
28
26
30
44
31
23
14
10
18
12
24
23
24
23
24
22
16
16
1
-6
-14
-7
1
-9
-2
3
3
-2
-3
-3
2
24
24
26
34
39
43
35
33
37
42
37
24
19
15
5
15
10
12
15
17
13
-1
5
9
9
4
10
12
21
19
22
34
38
41
37
33
22
11
9
17
25
19
10
9
18
27
36
38
22
19
21
29
33
25
23
28
34
32
39
35
30
13
13
18
25
32
32
24
10
2
5
5
12
16
20
19
-3
-8
5
15
31
34
14
-1
6
17
20
21
5
-1
4
16
12
-6
-11
-4
-15
-22
-18
-22
-16
-22
-19
-21
-18
-12
-10
-1
7
14
27
32
25
27
34
33
33
23
24
30
26
14
3
-4
-5
-5
-7
-8
4
14
8
5
5
18
23
30
34
35
35
31
33
27
29
30
28
31
31
29
22
17
5
16
32
23
16
5
11
16
8
1
1
17
27
24
15
8
24
36
39
35
28
21
19
22
8
11
3
-1
-1
1
0
-4
-6
1
14
19
12
13
31
36
47
44
50
51
52
49
41
43
49
58
42
29
13
9
13
18
12
11
11
9
11
10
-8
-21
-19
-8
3
-3
-11
-16
-12
4
16
5
3
5
14
18
6
-6
2
15
24
22
24
21
14
18
18
22
23
14
9
11
14
14
14
17
15
14
20
18
11
9
3
-2
-1
-6
-10
-11
-8
-6
-10
-8
-15
-8
-2
3
19
27
22
26
32
26
23
21
16
13
10
2
-5
-11
-17
-28
-37
-37
-34
-35
-27
-27
-28
-41
-37
-24
-25
-26
-28
-24
-24
-15
-10
-5
15
17
14
6
-3
2
1
14
12
7
0
5
-4
-6
-17
-10
0
7
-4
2
14
10
15
2
-1
-7
-10
-4
-3
-15
-20
-19
-15
-20
-14
-8
-2
-18
-20
-15
-11
0
3
9
10
11
9
18
26
36
36
36
29
18
14
19
14
8
-3
-10
-13
-24
-23
-17
-5
-15
-24
-33
-37
-29
-22
-12
1
-8
0
6
-3
8
19
19
16
14
15
32
25
31
20
15
17
14
12
2
1
-15
-25
-27
-16
-4
8
2
-10
-3
5
8
2
-1
-8
-19
-21
-13
-15
-20
-17
-22
-28
-39
-50
-42
-25
-19
-26
-40
-45
-43
-34
-18
-27
-30
-22
-16
-20
-14
-10
-1
7
-7
-30
-42
-43
-32
-13
-14
-25
-33
-43
-33
-27
-25
-27
-20
-13
-9
-10
-13
-4
7
10
9
6
-2
-3
0
8
9
12
14
1
-1
-6
-18
-24
-19
-28
-28
-28
-26
-27
-23
-15
-18
-30
-39
-27
-18
-2
-8
-16
-19
-14
-14
-30
-47
-50
-51
-50
-55
-70
-65
-42
-26
-21
-29
-34
-36
-35
-22
-20
-18
-21
-15
-4
-2
-2
7
2
-8
-20
-17
-8
-16
-20
-22
-28
-37
-31
-36
-43
-36
-40
-28
-21
-27
-26
-14
-1
8
20
19
10
7
5
1
4
4
4
-4
-11
-4
0
3
-10
-23
-12
-3
-6
-6
-18
-21
-27
-36
-31
-25
-10
-9
-12
-18
-16
-17
-12
-13
-11
-21
-10
-10
-20
-25
-37
-33
-28
-25
-33
-24
-17
-8
8
7
5
4
6
11
14
16
12
3
9
23
17
14
12
4
-1
-11
-21
-25
-25
-30
-36
-38
-31
-25
-17
-11
-23
-34
-27
-22
-24
-26
-21
-12
-18
-27
-36
-21
-8
-14
-21
-38
-51
-53
-53
-49
-56
-54
-48
-30
-27
-29
-33
-24
-8
1
13
8
9
1
7
11
11
-2
-6
-1
-14
-18
-17
-19
-21
-28
-21
-22
-21
-23
-19
-19
-38
-38
-21
-13
-17
-25
-42
-48
-32
-18
1
3
-10
-12
-11
-4
-13
-28
-24
-12
-16
-29
-21
-15
-11
-3
-10
-2
-2
-3
-8
-9
-4
8
13
16
2
-1
1
-1
-9
-18
-31
-49
-46
-40
-49
-50
-40
-41
-36
-30
-22
-26
-22
-3
10
16
15
2
-10
-6
10
13
10
3
-9
-13
-22
-13
12
9
-3
-17
-18
-23
-32
-30
-28
-25
-35
-40
-43
-44
-33
-40
-42
-31
-23
-19
-19
-14
-9
5
0
-9
-8
-6
6
13
-2
-4
6
2
8
1
-10
4
16
18
14
15
28
33
28
17
13
14
13
4
-12
-20
-26
-30
-30
-17
-17
-29
-34
-33
-26
-32
-37
-29
-20
-10
-2
-2
-12
-19
-20
-17
-12
-19
-14
0
6
-8
-3
14
18
12
1
5
1
2
7
0
6
22
21
27
21
25
27
16
13
14
10
13
23
20
8
12
14
15
9
-11
-11
-19
-12
-15
-5
-8
-9
-8
-10
-4
-6
-4
-8
0
-5
-3
-3
-2
11
12
2
5
8
5
7
8
4
-6
-11
-11
1
10
12
18
24
21
20
12
4
7
15
28
26
17
21
31
41
29
15
3
-9
-4
6
7
-2
1
13
23
19
11
23
30
25
24
20
29
28
25
34
37
39
31
23
9
6
6
3
2
-2
-18
-34
-32
-21
-16
-22
-29
-37
-35
-29
-24
-22
-24
-17
-18
-24
-21
-19
-16
-15
-17
-11
0
4
17
15
12
8
17
17
9
12
24
38
42
39
34
42
45
43
32
12
2
7
14
12
9
2
-9
-16
-13
-16
-14
-5
-8
-18
-29
-42
-37
-38
-32
-34
-33
-20
-13
-1
11
12
14
25
27
23
21
30
31
25
1
-6
6
15
16
10
5
1
5
13
13
9
-3
-12
-19
-9
2
14
27
16
11
-8
-15
-4
3
4
-2
4
9
18
24
24
21
11
14
20
30
35
36
26
19
14
16
30
31
10
1
12
15
18
5
-3
-1
-9
-15
-17
-13
-9
-4
-2
-6
-11
-8
-7
-3
-13
-20
-8
1
2
0
3
13
12
4
12
11
9
18
24
28
21
14
18
24
10
15
32
41
38
38
35
38
44
44
51
52
50
53
55
51
39
36
43
37
23
16
18
18
16
13
10
0
0
2
-7
-16
-4
2
0
9
13
20
25
23
12
12
21
23
28
16
18
11
14
10
6
17
19
27
40
38
30
41
41
33
36
24
17
21
22
17
10
1
-1
13
15
1
-14
-25
-24
-16
-1
1
2
-12
-16
-9
-18
-13
-1
12
23
15
11
7
21
26
28
28
24
26
39
53
44
43
44
49
37
25
14
20
31
28
18
13
4
-2
2
5
5
-1
-5
-2
3
-1
-5
-3
12
11
16
22
10
14
15
21
36
47
51
50
46
55
55
49
43
38
48
58
57
54
49
45
47
58
48
47
44
29
17
17
15
9
12
-2
-7
-9
8
12
-5
-6
-2
7
2
1
5
4
12
19
27
22
26
35
42
47
49
41
43
35
26
27
28
33
29
33
27
28
21
17
14
10
3
6
7
1
-5
-10
-10
0
10
1
11
7
2
2
12
23
12
8
4
5
8
10
10
8
7
13
11
6
17
31
42
48
46
42
42
37
26
27
18
11
11
1
-8
-9
-11
-14
3
13
31
26
17
24
30
19
11
9
11
15
8
2
-16
-14
-9
-4
1
9
16
34
36
36
27
25
31
34
35
31
33
29
21
10
7
18
24
24
24
15
4
12
20
18
22
12
5
9
6
5
-1
-9
-12
-20
-25
-30
-19
-12
0
7
10
11
14
16
16
7
-7
-8
-5
4
8
19
18
23
24
16
13
14
21
31
36
40
42
44
34
30
25
23
25
20
19
11
11
1
3
-1
-6
-12
-23
-15
-17
-14
-18
-26
-29
-28
-22
1
9
3
6
8
15
20
28
33
46
48
39
44
44
47
43
32
30
24
20
12
21
25
19
21
16
10
7
3
6
1
-1
-4
-18
-25
-9
-5
-15
-13
-9
-5
8
14
6
-3
-2
4
12
2
-7
-2
4
15
25
32
35
44
39
33
29
25
29
29
33
20
21
15
-2
-1
-9
-9
-14
-19
-26
-31
-31
-29
-29
-42
-42
-46
-40
-41
-39
-29
-25
-21
-8
1
0
11
15
17
11
16
15
17
22
25
19
19
20
25
19
8
22
28
14
7
6
-6
-12
-12
5
5
2
10
8
7
4
-5
-18
-25
-29
-35
-34
-33
-44
-40
-35
-34
-36
-40
-29
-21
-24
-26
-41
-38
-26
-19
-5
-3
7
8
17
23
20
41
37
34
36
37
46
46
42
41
39
30
14
0
-2
-7
-13
-22
-18
-15
-21
-9
-15
-6
0
7
8
6
-13
-14
-7
-11
-15
-18
-17
-18
-13
-22
-18
-24
-18
-20
-26
-25
-37
-28
-22
-14
-1
7
11
3
5
7
2
6
9
-4
-8
-10
-15
-7
-1
1
-15
-26
-25
-27
-22
-21
-17
-21
-26
-23
-17
-13
-5
0
-17
-26
-27
-19
-13
-8
-3
1
2
4
10
13
13
6
-8
-15
-15
-24
-29
-36
-30
-25
-37
-51
-54
-52
-38
-31
-35
-43
-43
-38
-25
-19
-26
-16
-11
-9
-18
-27
-38
-32
-35
-42
-43
-53
-48
-36
-27
-26
-21
-8
9
20
27
29
27
27
28
27
28
28
32
27
24
27
23
21
19
8
-9
-17
-20
-24
-38
-49
-51
-46
-38
-35
-26
-34
-47
-45
-32
-15
-20
-36
-46
-32
-22
-25
-36
-40
-31
-23
-22
-27
-35
-39
-32
-34
-33
-39
-32
-20
-23
-24
-29
-22
-27
-20
-17
-21
-16
-10
4
6
-4
-13
-14
-11
-10
-18
-23
-38
-38
-37
-36
-38
-46
-29
-21
-26
-32
-30
-14
-11
-17
-18
-6
2
-5
-11
-17
-24
-21
-25
-32
-30
-29
-20
-19
-15
-23
-26
-28
-34
-33
-36
-41
-39
-27
-25
-30
-30
-26
-27
-29
-27
-22
-27
-23
-15
-15
-11
-11
-14
-10
-23
-22
-21
-17
-18
-19
-9
0
8
-3
-13
-21
-28
-29
-38
-36
-33
-27
-30
-37
-46
-35
-30
-37
-36
-36
-32
-20
-18
-27
-24
-15
-12
-11
-15
-11
-18
-25
-29
-35
-25
-24
-16
-16
-24
-28
-20
-21
-29
-34
-35
-31
-36
-37
-35
-38
-39
-41
-45
-49
-46
-43
-35
-26
-24
-21
-23
-25
-21
-18
-17
-20
-29
-29
-30
-36
-29
-30
-28
-28
-27
-28
-34
-19
-11
-4
-1
4
0
-3
-6
-5
-16
-15
-7
-11
-3
-5
3
-4
0
0
0
0
-15
-23
-27
-26
-36
-37
-39
-43
-42
-43
-41
-43
-41
-39
-29
-18
-10
-5
-16
-19
-25
-12
-2
-4
-4
-11
-15
-7
-3
-2
-7
-9
-9
-10
-7
-10
-8
-12
-20
-27
-21
-17
-21
-10
7
12
5
8
4
2
-3
-12
-14
-16
-20
-31
-33
-33
-36
-39
-37
-36
-49
-52
-49
-43
-36
-32
-36
-32
-21
-26
-19
-21
-29
-31
-30
-23
-25
-32
-28
-12
-10
-7
-14
-14
-9
-4
0
-8
-8
-3
-11
-22
-33
-36
-38
-39
-36
-42
-42
-41
-35
-26
-23
-24
-26
-36
-30
-31
-36
-37
-35
-24
-32
-25
-24
-16
-12
-12
-12
-7
4
11
15
28
25
32
29
18
22
12
-2
-7
0
-13
-14
-25
-22
-11
-26
-35
-39
-41
-43
-47
-50
-49
-49
-38
-34
-33
-27
-32
-24
-16
-12
-9
-1
8
2
-8
-12
-15
-10
-15
-19
-26
-38
-35
-26
-19
-19
-10
-10
3
3
0
4
4
8
2
0
0
-1
4
7
-4
-18
-22
-18
-17
-21
-10
-17
-23
-30
-29
-28
-27
-26
-34
-31
-30
-32
-25
-27
-19
-13
-11
0
-4
0
3
7
11
9
7
1
-7
-13
-14
-22
-34
-41
-47
-39
-40
-38
-35
-35
-31
-28
-22
-19
-6
1
4
14
9
15
19
16
5
9
2
4
13
17
19
7
-1
-8
-6
-3
5
3
12
9
-1
2
2
5
1
0
6
-1
2
0
0
-5
-12
-9
-8
-5
-17
-14
-24
-19
-16
-15
-14
-22
-18
-16
-2
-19
-36
-24
-16
-9
-9
-4
-1
-7
-5
-3
5
13
23
27
31
31
29
29
12
17
15
14
14
14
19
24
25
22
30
29
25
26
20
15
-2
0
5
-4
-6
-10
-7
-4
-2
-1
-3
-7
3
7
9
5
8
7
8
8
10
17
20
20
11
5
9
21
23
32
31
30
30
31
34
23
11
-5
-5
6
-3
-13
-16
-13
-13
-10
-11
-3
2
-1
-2
0
5
7
-2
-9
3
1
-9
-10
-19
-22
-15
-3
1
-3
1
0
-7
-8
-2
-5
-6
-5
-7
-9
-12
-6
-5
-5
10
18
27
30
32
32
25
23
27
26
20
11
4
11
11
7
0
7
8
2
8
12
18
24
25
23
36
43
35
36
36
35
26
28
26
12
17
22
22
12
10
11
3
9
8
2
-17
-14
-15
-8
-17
-26
-21
-10
5
5
14
30
44
51
48
53
58
50
63
56
46
42
37
39
37
28
21
19
18
11
11
3
-3
-1
7
10
12
14
13
21
19
22
24
33
42
36
35
22
24
31
34
35
37
38
34
35
25
20
22
30
22
8
-2
1
-2
2
7
5
4
-2
3
4
6
12
14
14
13
19
34
35
28
28
26
29
32
29
30
35
40
33
33
30
25
24
25
25
29
34
36
34
32
29
30
30
32
42
44
39
21
24
29
29
30
31
31
31
27
31
30
34
40
35
31
25
22
29
28
13
16
24
17
14
13
17
22
13
17
14
10
15
17
19
30
24
23
29
37
39
46
41
40
42
44
37
45
41
36
46
48
43
37
33
34
47
39
35
31
34
36
38
33
44
49
54
47
32
25
20
29
25
21
15
18
16
18
20
13
14
13
25
20
17
18
25
26
19
16
18
23
25
36
41
45
48
46
38
37
34
38
40
39
35
36
35
30
27
23
29
26
28
27
23
30
33
35
29
20
23
18
21
25
20
19
20
28
34
29
18
9
3
9
19
21
16
8
13
11
14
13
4
4
-3
-5
-11
-6
-2
3
5
5
10
14
17
30
29
30
32
27
20
18
30
23
17
16
12
19
21
30
36
30
28
26
36
32
35
27
21
20
24
11
7
7
12
22
26
32
25
29
32
35
36
28
20
20
23
18
13
0
-7
-10
-12
-2
-6
-4
-1
5
4
4
11
15
22
26
20
8
2
13
21
17
16
13
12
13
15
21
20
20
25
32
31
28
19
4
4
-1
4
3
-6
-9
-7
2
2
12
1
10
21
26
29
22
18
17
6
2
6
6
10
3
-3
-8
-15
-12
0
0
-5
-13
-13
-15
-13
-22
-21
-22
-23
-9
-6
-10
-2
13
10
12
14
16
20
10
10
15
10
5
11
7
7
10
5
14
14
10
9
13
19
13
14
18
25
23
18
10
15
15
21
26
23
30
36
34
43
38
37
37
27
33
26
24
26
22
17
7
10
3
4
12
8
9
1
4
3
-3
2
3
2
2
5
4
7
14
10
3
2
10
15
18
24
27
28
29
32
35
39
25
19
18
14
19
19
21
20
12
-2
-16
-5
0
2
1
-3
4
15
22
18
7
6
-1
11
12
15
20
25
25
16
15
14
13
14
14
9
3
-4
-12
-11
-4
-2
-9
-13
-16
-10
-5
-4
-10
-5
0
0
7
12
18
11
9
15
12
17
10
16
12
6
6
2
10
8
4
-2
7
16
20
20
17
20
28
31
35
32
27
31
31
33
36
29
27
22
16
9
0
-9
-13
-4
1
-6
-10
-7
-1
-12
-17
-9
-3
-2
-1
-2
-11
-5
-9
-5
-6
-4
8
14
17
10
10
10
7
4
16
9
-4
-10
-16
-12
-16
-26
-32
-21
-6
2
5
8
7
16
26
20
16
12
10
19
22
18
17
21
21
28
30
26
22
20
11
2
3
-1
3
3
6
-9
-7
0
-2
3
4
4
3
10
2
-1
1
4
5
4
-7
-12
-24
-24
-14
-8
-14
-25
-20
-16
-6
-5
6
12
6
2
1
6
13
11
2
5
6
3
3
5
6
4
2
9
14
25
20
12
11
11
24
22
17
8
-2
-7
-13
-12
-12
-18
-19
-19
-11
-2
-4
-8
-6
-8
-11
-14
-24
-24
-19
-23
-16
-23
-25
-19
-22
-7
-8
-3
-4
0
-1
-7
-6
-8
-8
-7
-10
-7
-20
-31
-22
-26
-20
-18
-9
-2
-4
-3
-4
8
9
18
24
14
10
4
8
15
20
8
15
22
20
10
3
3
0
-4
-9
-19
-19
-13
-22
-24
-28
-31
-38
-28
-19
-17
-15
-16
-4
3
-8
-16
-4
-2
3
-2
-7
-11
-7
0
-9
-4
0
-4
-3
-4
0
-3
-1
1
6
3
4
-2
-1
-4
-7
-10
-8
-19
-22
-18
-18
-21
-31
-28
-32
-18
-18
-20
-17
-21
-18
-27
-30
-33
-33
-29
-31
-24
-22
-12
-2
0
5
4
6
-1
1
2
0
-11
-9
-7
-11
-9
-10
-12
-9
-4
-15
-13
-11
-9
-9
-8
-16
-16
-15
-18
-16
-20
-23
-26
-29
-26
-26
-17
-21
-23
-21
-25
-22
-20
-20
-19
-14
-16
-20
-23
-15
-11
-13
-16
-10
-10
-13
-13
-15
-11
-14
-21
-23
-22
-24
-26
-39
-42
-35
-34
-32
-34
-31
-14
4
14
4
-2
-4
-2
-6
-11
-13
-14
-7
-18
-26
-26
-4
-1
-5
-10
-18
-7
-5
1
-1
0
6
3
5
7
9
15
9
-5
-3
-15
-14
-22
-16
-18
-16
-9
-12
-4
-7
1
-2
-3
-5
-4
-3
-4
-22
-27
-26
-26
-33
-31
-34
-30
-18
-16
-12
-9
-10
-14
-11
-3
-5
-13
-2
2
15
24
9
1
1
-1
-16
-21
-22
-20
-18
-15
-13
-14
-11
-8
-13
-16
-13
-16
-19
-21
-25
-34
-35
-26
-25
-31
-28
-18
-12
2
3
-8
-5
-5
4
1
-7
-13
-11
-11
-18
-8
-17
-30
-34
-38
-29
-14
-12
-19
-16
-13
-8
-26
-29
-23
-25
-21
-23
-22
-19
-14
-11
-6
-3
-11
-20
-16
-11
-11
-12
-10
-8
-5
-6
-12
-10
-14
-20
-25
-29
-19
-20
-5
-1
-1
9
14
16
23
17
4
1
2
1
-5
-8
-7
-12
-26
-26
-31
-32
-33
-39
-37
-25
-25
-27
-25
-24
-26
-22
-16
-16
-5
-1
-2
21
26
21
23
15
9
7
-1
-4
-12
-8
-16
-31
-22
-19
-34
-40
-36
-29
-23
-29
-24
-20
-21
-21
-16
-10
-4
-6
-7
-1
3
5
-3
-6
-14
-20
-19
-20
-15
-10
-15
-15
-26
-25
-18
0
-3
-14
-13
-16
-10
-16
-17
-19
-21
-16
-8
-2
13
10
-1
-9
0
-10
-17
-22
-21
-14
-16
-16
-23
-23
-22
-27
-29
-38
-42
-39
-31
-35
-44
-39
-31
-21
-21
-17
-10
-11
-15
-12
-13
-17
-24
-27
-23
-30
-27
-29
-36
-32
-26
-20
-21
-12
-6
-2
9
10
18
15
13
11
3
10
14
11
24
17
10
2
3
-1
-4
-8
-21
-24
-19
-7
-2
-16
-20
-22
-25
-20
-28
-25
-26
-28
-24
-32
-41
-40
-46
-38
-33
-27
-18
-15
-13
-15
-13
-17
-12
-10
-6
-9
-10
-9
1
9
9
11
15
16
18
31
29
21
24
31
36
13
2
-20
-16
-4
-4
-7
-23
-17
-11
-8
-15
-21
-24
-39
-38
-29
-31
-29
-24
-20
-25
-27
-35
-34
-31
-35
-37
-36
-44
-48
-51
-55
-50
-38
-38
-35
-38
-38
-29
-28
-15
-8
0
2
13
17
23
23
7
2
6
8
-4
-11
-12
-8
-8
-5
-5
-7
-4
-1
1
4
3
-3
-1
2
8
-1
-7
2
8
12
7
9
1
4
3
-14
-19
-10
-9
0
2
-1
11
3
12
3
-1
-11
-11
-2
0
-1
-3
4
15
17
5
-8
-3
-5
-5
-4
-5
-1
-3
3
-1
-8
-11
-15
-8
-12
-15
-2
0
10
8
11
16
26
24
25
19
15
14
19
30
21
17
10
6
2
-2
11
13
-2
-19
-14
-8
-16
-18
-18
-16
-16
-19
-23
-24
-18
-11
-17
-11
1
-9
-7
4
-4
-4
-6
-6
-13
-7
-6
-3
6
5
4
14
15
10
7
9
16
12
15
15
7
10
14
14
19
12
12
7
9
7
0
-2
-4
10
15
19
20
19
25
17
-2
-13
-6
-8
-10
-7
-2
14
12
23
32
32
23
10
12
17
19
4
7
19
20
15
12
6
16
23
7
-1
-5
1
3
4
3
-2
-2
-5
-9
-12
-4
3
6
6
7
2
12
15
17
22
19
27
35
32
30
22
22
18
20
25
13
-1
-1
-9
-9
-14
-29
-28
-31
-32
-27
-22
-16
-9
-20
-26
-20
-9
-6
-15
-1
9
7
15
13
25
18
21
16
25
41
38
33
15
25
23
24
22
12
26
27
35
31
24
21
17
13
11
-4
-2
6
7
7
19
34
33
17
11
19
16
16
12
9
4
-1
3
14
21
14
8
2
10
11
18
24
21
19
30
42
36
38
33
33
35
30
13
20
22
24
16
12
14
13
12
14
11
14
24
10
9
14
17
11
5
6
13
13
4
4
-2
1
-1
-3
9
2
2
-5
-3
4
5
7
-4
0
-1
4
7
4
2
10
15
21
23
28
35
33
34
22
12
19
26
20
20
9
15
29
25
18
21
12
17
30
27
27
24
23
30
35
35
23
16
15
16
18
11
7
8
8
2
3
2
4
8
5
18
13
16
21
8
18
20
25
38
39
35
37
43
47
48
47
36
20
13
16
31
37
32
20
15
16
8
13
1
-9
-6
-8
-3
4
-3
-14
-11
-3
6
16
19
19
15
16
22
14
17
21
21
22
30
25
19
19
16
13
8
13
19
24
24
21
26
26
20
12
1
8
8
2
-1
-4
8
10
15
17
11
24
26
22
16
21
22
9
12
14
16
15
5
8
4
5
9
12
21
24
23
27
30
38
37
35
48
59
56
46
40
39
27
27
33
31
34
35
31
29
28
29
30
31
22
21
22
15
6
4
9
14
10
15
12
17
23
35
39
36
36
35
27
24
27
30
28
16
18
28
27
20
8
9
16
26
11
10
14
-8
-12
-13
-3
14
10
4
10
17
37
37
39
42
34
38
41
45
45
42
40
35
31
26
18
10
9
14
13
19
14
5
4
9
13
21
19
20
28
26
19
7
14
12
0
7
15
20
18
16
24
31
22
14
9
10
16
9
-2
-3
-1
-4
-16
-31
-21
-12
-12
-10
-10
0
4
14
20
22
21
31
36
39
52
45
56
62
64
51
50
32
27
32
23
17
5
1
5
1
-2
-7
-10
-4
-12
-14
-15
-19
-16
-10
4
8
2
-1
-7
-2
11
10
4
12
11
19
29
29
34
41
34
29
33
37
45
42
36
31
20
17
16
11
5
-3
-1
0
7
9
9
12
15
18
12
5
-7
-15
-17
-17
-15
-18
-20
-10
-11
-14
-9
-5
-6
-15
-12
-13
-6
-7
-6
4
2
4
5
18
28
20
19
27
38
38
39
38
39
43
43
30
17
14
7
6
2
-9
-19
-22
-18
-12
-9
-18
-26
-19
-24
-26
-29
-31
-27
-24
-21
-18
-16
-10
10
29
27
1
10
20
24
22
10
20
21
27
20
14
12
18
16
9
8
5
1
1
10
16
13
5
7
4
15
13
7
5
-1
-1
6
5
-1
5
-3
5
17
14
12
15
12
13
4
-8
-10
-10
-5
0
4
3
4
4
10
12
-1
-2
11
3
-3
-12
-5
12
0
-6
-3
1
-2
-9
-26
-30
-26
-19
-12
-26
-23
-18
-11
-11
-13
-4
-1
-3
-2
-5
-6
6
14
12
-1
-3
2
7
7
6
-6
4
3
-3
-1
-13
-9
-6
-14
-21
-25
-26
-28
-27
-26
-27
-28
-26
-21
-26
-26
-27
-20
-12
-20
-21
-17
-10
7
6
5
13
13
17
14
20
19
13
6
-4
-7
-6
-3
-1
-5
-9
-13
-19
-19
-14
-14
-14
-10
-10
-5
1
7
8
15
10
2
-7
-14
-27
-33
-36
-39
-38
-44
-37
-30
-25
-29
-28
-21
-18
-10
-5
2
7
6
3
3
4
10
12
11
14
2
8
16
15
23
22
23
22
7
-2
0
-2
-8
-29
-33
-38
-42
-51
-67
-67
-55
-48
-47
-40
-32
-19
-16
-17
-14
-15
-17
-30
-30
-28
-24
-30
-32
-31
-39
-40
-32
-24
-24
-19
-14
-6
0
-6
-6
-10
-13
-12
-19
-24
-23
-18
-19
-21
-25
-26
-30
-24
-28
-28
-24
-26
-21
-27
-30
-27
-26
-25
-42
-40
-37
-36
-39
-42
-35
-23
-13
-25
-26
-19
1
7
1
1
10
14
2
3
3
0
-6
-3
-2
-4
-7
-7
2
-5
-13
-13
-15
-16
-13
-10
-27
-33
-39
-42
-48
-46
-38
-38
-40
-53
-59
-50
-39
-40
-44
-41
-40
-35
-35
-35
-25
-26
-21
-18
-14
-15
-18
-19
-12
0
-2
-1
8
-3
1
-1
-2
-8
-15
-21
-26
-27
-25
-23
-19
-23
-22
-15
-18
-23
-25
-17
-22
-20
-18
-15
-20
-28
-29
-27
-32
-26
-30
-31
-32
-29
-30
-30
-31
-36
-31
-29
-31
-41
-48
-55
-54
-57
-53
-48
-38
-43
-37
-32
-38
-32
-29
-28
-30
-39
-43
-37
-25
-39
-45
-36
-35
-37
-38
-19
-24
-25
-26
-26
-20
-12
-10
-19
-11
1
7
12
7
3
14
18
13
9
4
-1
-3
-13
-19
-32
-36
-37
-41
-47
-57
-48
-45
-62
-67
-61
-57
-48
-52
-63
-72
-63
-42
-43
-46
-41
-34
-18
-11
-14
-13
-8
-8
-7
-11
-18
-18
0
2
3
-7
-7
-1
4
11
9
5
0
7
4
1
-7
-2
4
2
-8
-14
-1
-10
-16
-19
-35
-36
-43
-41
-45
-46
-47
-45
-44
-47
-54
-45
-37
-42
-44
-41
-32
-16
-12
-16
-15
-15
-16
-25
-30
-30
-31
-36
-36
-33
-26
-26
-20
-32
-37
-31
-24
-23
-25
-22
-18
-21
-29
-29
-38
-26
-24
-17
-23
-27
-31
-34
-30
-29
-23
-25
-28
-19
-14
-12
-9
-17
-25
-18
-11
-14
-19
-19
-8
-12
-3
-8
-8
3
-3
-10
-14
-10
-16
-19
-19
-26
-24
-22
-21
-23
-31
-34
-29
-20
-26
-32
-48
-46
-50
-45
-39
-42
-38
-34
-26
-24
-28
-27
-21
-22
-29
-28
-26
-22
-10
-8
-3
-4
-1
4
5
0
4
6
6
11
11
13
11
15
21
21
9
2
-6
-11
-18
-31
-37
-36
-31
-25
-41
-58
-55
-45
-39
-38
-47
-53
-51
-28
-8
1
-27
-52
-49
-17
17
13
-20
-40
-37
-16
13
24
-3
-37
-60
-45
-13
6
-10
-49
-78
-65
-26
5
8
-24
-47
-47
-11
31
39
14
-13
-22
1
41
47
38
8
-11
-3
36
90
90
51
5
-8
35
80
80
30
-27
-54
-32
2
7
-12
-51
-73
-57
-28
-20
-48
-76
-64
-34
-5
-10
-53
-70
-40
9
31
6
-42
-88
-59
-1
21
-51
-221
-248
-177
-67
-41
-154
-286
-323
-201
-40
66
10
-225
-311
-189
103
296
211
-9
-172
-52
199
387
402
190
11
8
189
395
381
216
32
28
175
265
261
149
52
67
160
255
244
163
43
-33
31
117
124
31
-118
-196
-218
-185
-148
-133
-149
-235
-349
-406
-347
-255
-189
-188
-280
-397
-459
-431
-293
-170
-200
-326
-465
-440
-303
-195
-141
-139
-108
-89
-44
43
141
247
323
396
469
492
448
485
614
714
667
487
429
553
729
721
445
166
83
372
730
872
529
-367
-764
-374
519
1039
445
-627
-1440
-1177
-195
596
642
-295
-1218
-1492
-692
447
754
369
-448
-712
-228
390
784
576
285
140
315
653
603
280
-112
25
499
647
330
-432
-882
-683
-124
249
40
-570
-1139
-1093
-567
-25
52
-348
-583
-516
-158
61
-47
-275
-237
205
413
227
-569
-1241
-1003
-294
370
-42
-1176
-2070
-2122
-1091
-127
121
-650
-1649
-1766
-1009
299
944
673
74
-155
471
1274
1928
2016
1662
1533
1682
2152
2424
2303
1986
1680
1688
1681
1481
1175
874
471
34
-177
-414
-637
-929
-1282
-1498
-1669
-1728
-1800
-1725
-1556
-1399
-1294
-1220
-910
-624
-230
244
532
806
942
1096
1368
1697
1937
1938
1803
1612
1464
1342
1248
1122
686
120
-282
-555
-655
-809
-1248
-1682
-1982
-2051
-1899
-1762
-1675
-1757
-1744
-1491
-1064
-601
-309
4
250
574
958
1038
1127
1160
1357
1655
1641
1261
242
-405
-440
-86
124
-688
-1916
-3075
-3265
-2560
-1935
-1727
-2461
-3169
-3287
-2531
-1271
-505
-62
-44
261
839
1470
2247
2744
3404
3967
4288
4201
3695
3440
3530
4199
4523
3922
2694
1207
526
556
898
839
-109
-1535
-2903
-3364
-3168
-2665
-2374
-2764
-3320
-3933
-3972
-3275
-2287
-1233
-684
-535
-624
-443
262
1347
2644
3350
3384
2910
2485
2635
3142
3700
3705
3027
1963
937
364
236
238
-137
-919
-1889
-2757
-3185
-3178
-2909
-2693
-2717
-2925
-3020
-2833
-2243
-1372
-660
-131
128
262
585
1171
1793
2125
2180
1872
1551
1355
1080
812
314
-254
-867
-1544
-2148
-2719
-3084
-3380
-3546
-3662
-3842
-3795
-3636
-3202
-2593
-1936
-1236
-644
160
953
1749
2570
3364
4302
5071
5604
5700
5599
5755
6057
6450
6300
5408
4120
2969
2576
2594
2265
893
-1009
-2515
-3232
-3090
-3067
-3659
-4688
-5667
-5861
-5273
-4326
-3751
-3625
-3454
-2868
-1735
-630
281
1014
1682
2551
3325
3940
4236
4286
4384
4531
4716
4446
3660
2689
1903
1473
871
130
-864
-1978
-2774
-3458
-3820
-4110
-4461
-4703
-4780
-4456
-4087
-3644
-3155
-2488
-1508
-741
51
787
1448
2138
2598
3055
3316
3458
3342
2978
2597
1719
884
222
-234
-657
-1899
-3370
-4520
-4832
-4518
-4453
-4759
-5526
-5986
-5590
-4314
-2697
-1773
-1494
-1441
-475
1446
3206
4566
5172
5570
6148
6838
7719
8253
8485
8255
7668
7117
6110
5066
4182
3671
3235
1586
-673
-2848
-3945
-3859
-3839
-4377
-5990
-7682
-8463
-7899
-6068
-4827
-4539
-5141
-5306
-3839
-1806
404
1635
2141
2635
3183
4495
5614
6434
6620
6296
6276
5896
5477
4472
3379
2764
1915
1149
-260
-1832
-3238
-4300
-4526
-4750
-4904
-5633
-6432
-6566
-6160
-4907
-3970
-3229
-2676
-2155
-1122
-77
1163
1936
2540
3105
3457
3820
3322
2890
2211
1682
1784
1116
218
-1474
-3248
-4053
-4129
-3633
-4038
-5023
-6144
-6628
-5809
-4538
-3139
-2620
-2466
-2027
-1013
987
2628
3859
4737
5463
6613
7430
7996
8386
8616
8997
9085
8724
7680
6095
4986
4452
4290
3537
1258
-1343
-3283
-3913
-3715
-4038
-5074
-6945
-8463
-8769
-7793
-6201
-5530
-5532
-5840
-5244
-3501
-1667
194
1275
2163
3017
3787
4981
5810
6504
6759
6780
6732
6079
5273
4178
3475
2908
2008
811
-1002
-2425
-3610
-4248
-4433
-4889
-5420
-6380
-6751
-6554
-5831
-4687
-4078
-3400
-3087
-2598
-1731
-656
856
1710
2269
1824
1275
1349
1437
2394
2366
1499
27
-1764
-2095
-1926
-1302
-1569
-2990
-4254
-5155
-4558
-3445
-2378
-2183
-2689
-2510
-1911
-119
1538
2591
3540
3980
4930
5824
6780
7698
8246
8749
8654
8376
7603
6728
6267
5999
5736
4190
1895
-254
-1510
-1804
-2299
-3161
-4895
-6777
-8069
-8210
-7112
-6459
-6358
-6840
-7006
-5926
-4429
-2627
-1230
-133
873
1643
2803
4015
5214
5974
6263
6567
6467
6247
5590
4801
4380
3695
2813
1542
125
-1230
-2540
-3284
-3719
-4130
-4929
-5991
-6509
-6379
-5663
-4884
-4446
-4146
-3732
-2949
-1845
-698
175
643
863
1383
2045
2275
1931
1051
548
785
962
290
-1216
-2701
-3541
-3402
-2923
-2922
-3690
-4953
-5464
-4740
-3263
-2048
-1679
-1578
-1101
206
1871
3345
4571
5581
6444
7265
8187
8786
9223
9422
9509
9471
8756
7725
6443
5711
4996
3405
1752
-147
-1606
-3039
-4373
-5185
-6387
-7410
-8502
-8874
-8594
-8383
-7738
-7456
-6570
-5483
-4383
-2768
-1418
436
1762
2805
4098
5054
6250
6782
7184
7388
7201
7029
6190
5464
4513
3354
2189
871
-211
-1782
-3241
-4321
-5072
-5564
-6362
-6882
-7155
-6915
-6325
-5845
-5241
-4616
-3606
-2468
-1367
-390
189
562
1170
2353
2964
2669
1651
632
904
1477
1284
-155
-2021
-3058
-3373
-2887
-2608
-3299
-4521
-5366
-4852
-3524
-2332
-1993
-2024
-1398
-88
1648
2992
4020
5150
6092
7065
7973
8766
9314
9578
9862
9681
8907
7843
6775
6337
5885
4325
1973
-196
-1561
-2639
-3579
-4379
-5656
-7385
-8899
-9215
-8425
-7552
-7122
-7190
-6937
-6057
-4645
-2815
-1030
603
1574
2219
3310
4709
6073
6742
7015
7133
6953
6708
6035
5217
4467
3599
2514
1146
-181
-1789
-3313
-4184
-4540
-4920
-6011
-7008
-7357
-7007
-6259
-5856
-5396
-4829
-4032
-3076
-2292
-1389
-1017
-600
460
1557
1751
444
-544
-390
675
1336
224
-1633
-3199
-3269
-2383
-1749
-1876
-3257
-4225
-4039
-2579
-949
-601
-662
-494
799
2595
3909
4871
5471
6424
7422
8261
9055
9514
9554
9200
8977
8563
7695
6759
5974
4913
3010
998
-561
-1711
-2843
-4048
-5260
-6652
-7978
-8865
-8740
-8105
-7631
-7408
-7409
-6776
-5671
-4064
-2190
-509
836
1532
2414
3640
5032
6365
7075
7282
6977
6708
6390
5864
5371
4650
3639
2173
739
-596
-1997
-3110
-3878
-4386
-5311
-6377
-7061
-7178
-6787
-6354
-5793
-5349
-4812
-4197
-3496
-2509
-1904
-1153
-342
436
731
38
-392
-208
476
852
262
-966
-2421
-2747
-2131
-1567
-1718
-2699
-3525
-3618
-2588
-1241
-527
-255
-97
791
2380
3941
5159
6077
6840
7471
8098
9115
10124
10339
9705
8720
7989
7528
7185
6802
5216
2611
258
-1072
-1639
-2452
-3585
-5424
-7533
-8890
-9140
-8371
-7800
-7771
-7984
-7905
-6919
-5480
-3694
-1945
-395
866
1753
2914
4145
5401
6605
7326
7611
7296
6889
6392
5751
5315
4764
3710
1973
236
-1130
-2357
-3232
-3944
-4744
-6012
-7202
-7587
-7378
-6845
-6525
-6289
-5924
-5355
-4379
-3384
-2309
-1811
-1583
-654
437
937
299
-262
11
463
717
129
-968
-2100
-2506
-2095
-1914
-2197
-3096
-3760
-3590
-2700
-1536
-1099
-821
-192
1035
2680
4102
5394
6507
7653
8606
9287
10110
10952
11449
11229
10567
9403
8177
7558
7347
6305
3635
801
-1249
-2575
-3352
-4199
-5641
-8028
-10155
-10930
-10270
-9146
-8817
-8910
-9059
-8277
-6580
-4625
-2372
-555
793
1793
3039
4722
6149
7398
8160
8491
8428
8085
7583
6772
6157
5499
4308
2661
935
-754
-2420
-3598
-4307
-5061
-6330
-7617
-8364
-8553
-8137
-7496
-6954
-6682
-6326
-5694
-4642
-3291
-2477
-1668
-1018
-431
-53
-198
336
848
913
588
-32
-434
-943
-944
-976
-1419
-2022
-2593
-2511
-2174
-1533
-1176
-1129
-514
453
1954
3294
4398
5446
6309
7537
8714
9629
10226
10631
10968
10741
9974
8807
7904
7699
7183
5158
2378
201
-1454
-2707
-3484
-4321
-6161
-8903
-10783
-10714
-9473
-8564
-8626
-9212
-9182
-7974
-5999
-3588
-1390
-38
643
1553
3347
5360
6808
7633
8070
8272
8185
7830
7281
6728
6212
5275
3814
2246
541
-1298
-2772
-3491
-4038
-5302
-6848
-7876
-8242
-8212
-7991
-7573
-7135
-6656
-6309
-5734
-5002
-4402
-3278
-2124
-1232
-964
-1504
-1629
-914
152
595
329
-352
-1192
-1361
-1047
-511
-429
-898
-1347
-1609
-988
-100
623
1344
1903
2693
3661
4930
6351
7522
8421
8680
8936
9770
10880
11396
10467
8694
7328
7101
7558
6895
4348
1291
-1180
-2563
-2928
-2974
-4115
-6925
-9795
-10954
-9879
-8312
-7818
-8238
-9049
-8616
-6889
-4771
-2548
-960
119
903
2232
4063
5326
6302
7111
7975
8391
8005
7301
6398
6025
5812
5087
3744
1822
-178
-2015
-3004
-3327
-3992
-5401
-7069
-7930
-8197
-8077
-7600
-7210
-6903
-6649
-6338
-6053
-5443
-4365
-3412
-2795
-2419
-2280
-2503
-2326
-1585
-1078
-854
-863
-1155
-1611
-1745
-1497
-1134
-644
-497
-605
-588
-217
621
1666
2921
4007
4761
5533
6652
8179
9340
9922
10233
10774
11700
12188
11449
9494
7988
7976
8460
7527
4491
873
-1665
-2508
-2321
-2765
-4953
-8534
-11241
-11426
-9713
-8248
-8521
-9831
-10534
-9255
-6521
-3866
-2175
-1423
-590
967
3191
5196
6275
6850
7439
8270
8877
8738
7728
6579
6082
5824
5093
3474
1225
-1048
-2606
-3236
-3553
-4517
-6518
-8336
-8936
-8496
-7852
-7598
-7652
-7791
-7343
-6201
-4862
-4101
-4004
-3421
-2506
-1545
-990
-1204
-1256
-1044
-646
-418
-442
-752
-1544
-1884
-1664
-1222
-1213
-1667
-1914
-1736
-726
272
789
1311
2011
3331
5008
6733
8027
8537
8732
9270
11023
12999
13441
12041
9876
8625
8882
9923
9846
6960
2111
-1548
-2111
-1013
-1055
-3758
-8137
-11550
-12211
-10573
-8730
-8606
-10198
-11710
-11242
-8372
-5041
-3182
-2487
-1649
66
2335
4451
5925
6850
7895
9084
9895
9867
9041
8019
7377
7378
7161
5529
2680
-49
-1638
-2365
-3065
-4273
-6107
-8185
-9661
-9934
-9461
-9067
-9035
-9224
-9070
-8363
-7713
-7171
-6200
-4666
-3384
-2993
-2900
-2662
-2150
-1124
149
894
697
-7
-619
-444
524
1255
1202
567
177
350
968
2035
2877
3328
3808
4729
6224
7531
8089
8027
8403
10009
11845
12470
11083
8782
7374
7760
9371
9712
6960
2011
-2200
-2922
-1026
-16
-2466
-7384
-11434
-12333
-10173
-7591
-7095
-8925
-11200
-11069
-8219
-4610
-2311
-1873
-1568
-179
2165
4369
5684
6585
7455
8623
9565
9645
8746
7292
6649
6928
6975
5610
2608
-517
-2370
-2770
-2881
-3879
-5787
-8088
-9833
-10352
-9646
-8663
-8528
-8896
-9096
-9010
-8605
-7629
-5966
-4207
-3336
-3594
-4056
-3491
-1891
-302
594
803
412
-410
-574
393
1394
1701
1281
690
566
874
1491
2215
3246
4189
4520
4824
5825
7376
8088
8335
9053
10077
11161
11179
10014
8536
7745
8274
9020
8744
6010
1285
-2236
-2223
145
307
-3239
-8263
-11765
-11698
-9271
-6836
-6815
-9368
-11639
-11329
-7848
-3669
-1566
-1605
-1838
-268
2169
4286
5964
7030
7852
8489
9033
9164
8381
7510
7094
7190
6999
5245
2198
-710
-1912
-2054
-2743
-4112
-6157
-8399
-10168
-10576
-9576
-9031
-9411
-9991
-10034
-9647
-9470
-8744
-7196
-5244
-4078
-4433
-4748
-3999
-2491
-810
665
1649
1271
149
96
1300
2799
3592
3317
2656
2252
2350
2794
3887
5384
5956
5711
5619
6416
7467
7641
8432
9501
10186
10186
8801
7687
7030
7073
7614
7782
6874
2714
-2078
-3583
-1245
1184
-1084
-5878
-10224
-11779
-9873
-7241
-5513
-6884
-9805
-11162
-9488
-4800
-1604
-1058
-1552
-973
1350
2978
4692
6185
7095
8064
8336
8676
8154
7198
6646
6459
7239
6459
3525
3
-1993
-1663
-1866
-2822
-4497
-6972
-9145
-10308
-9295
-8071
-8189
-9198
-10157
-9633
-9214
-8947
-8004
-6484
-4854
-5138
-5982
-5555
-4153
-2423
-1260
-271
-15
-659
-867
-77
1529
2692
2911
2568
2344
2881
3347
3940
5402
6663
7130
7095
7498
8595
9067
9376
10224
11192
11863
10784
8869
7346
6962
7698
8088
7563
4072
-1540
-4667
-3518
-224
-540
-5103
-10340
-13282
-11963
-8905
-6542
-6907
-9646
-11387
-10705
-6558
-2294
-821
-919
-876
1176
3320
4971
6609
7548
8696
9254
9480
9080
7912
7250
6749
7268
7166
4699
1053
-1938
-2300
-1996
-2625
-4099
-6554
-8874
-10459
-10117
-8797
-8403
-8895
-9879
-9832
-9494
-9501
-8708
-7059
-4974
-4538
-5705
-6221
-5343
-3321
-1533
-358
-127
-952
-1586
-1217
587
2403
2925
2619
2138
2435
3082
3944
5494
6854
7601
7680
7982
8912
9531
9927
10365
11603
12834
12106
9793
7325
6510
7530
8991
9153
5155
-1667
-5967
-4542
-254
468
-4061
-10750
-14728
-13548
-9522
-6186
-6499
-9658
-12313
-11761
-7152
-2258
-410
-1000
-1107
967
3459
5433
6788
7557
8539
9560
10320
9876
8420
7201
6600
7299
7829
5879
1671
-2080
-2929
-2396
-2418
-3594
-6098
-9095
-11265
-11065
-9485
-8685
-9033
-10121
-10656
-10681
-10428
-9309
-7469
-5292
-4728
-5925
-6592
-5588
-3271
-1221
119
434
-462
-1209
-843
1015
2881
3438
3102
2423
2617
3338
4283
5693
6711
7544
7877
8205
9077
9444
9655
10052
11552
13120
12336
9720
6716
5918
7557
9625
9590
4387
-2626
-6029
-3866
364
318
-4639
-11357
-14860
-12986
-8849
-5874
-7097
-10526
-12688
-11346
-6209
-2151
-1133
-1745
-1376
1121
3498
5466
6506
7064
8221
9457
10380
9647
8241
7208
6788
7711
7812
5663
1733
-1475
-2053
-1833
-2020
-3394
-6011
-8839
-10503
-9995
-9074
-8910
-9450
-10263
-10426
-10552
-10647
-9941
-8180
-5998
-5428
-6511
-7210
-6354
-4359
-2140
-302
61
-1050
-1971
-1335
1011
3218
3934
3556
2911
3144
4143
5458
7085
8263
8811
9088
9406
9813
10027
10513
11622
12946
13012
10913
8249
6476
6577
7961
8600
6631
883
-4879
-5962
-2960
-513
-2668
-8195
-13150
-14276
-11478
-8099
-6623
-8207
-10886
-11573
-9066
-4303
-1240
-906
-891
425
2795
4596
5994
7127
8120
9422
10241
10147
8942
7732
7300
7340
7820
6870
3633
7
-1866
-1839
-1887
-2846
-4839
-7727
-10040
-10654
-9890
-9292
-9534
-10273
-11539
-12249
-11551
-10195
-8792
-7862
-7552
-7789
-7725
-6368
-4735
-3372
-2007
-1072
-937
-1142
-246
1306
2676
3925
4489
4712
4855
5589
7051
8117
9192
9939
10575
11202
11223
11137
10885
11817
13256
13056
11195
8228
6129
5711
6969
8123
4762
-1789
-6600
-6162
-2857
-2236
-5517
-11128
-14668
-13798
-10427
-7285
-7418
-9813
-11878
-10793
-5793
-1442
-347
-1355
-888
1968
4599
6635
7548
7662
8070
9199
10710
10455
8882
7333
6624
7249
7345
5451
1822
-1050
-1675
-1731
-2077
-3345
-5836
-8811
-10488
-9714
-8564
-8579
-9569
-11289
-12776
-12607
-10618
-8791
-8379
-8644
-9344
-9483
-7899
-5618
-4184
-3653
-3031
-2586
-2452
-1339
324
1639
2819
3864
4485
4547
5305
7020
8711
10263
11244
11828
11948
11987
12486
12862
14035
15078
14244
11775
9132
7717
7190
7878
8708
5355
-1602
-6973
-6734
-3417
-2432
-5695
-11916
-16212
-15784
-12268
-8735
-8104
-9968
-12440
-12387
-7863
-2550
-23
-297
-75
1974
4216
6495
8181
8978
9582
10463
11273
10632
9383
8300
7410
7511
7651
5945
2037
-1456
-2496
-2410
-2495
-3591
-6022
-9257
-11431
-11018
-9396
-8400
-8912
-11139
-13374
-13152
-10436
-8094
-7876
-8531
-9193
-9125
-7626
-5551
-4202
-3588
-3058
-2803
-2398
-1286
-211
742
2119
3665
4473
4486
4976
6319
8183
10327
12062
12900
12527
12163
12804
14462
16213
16451
14762
12180
9925
8750
8771
9819
8673
2734
-4089
-6563
-4429
-2789
-4918
-10206
-15267
-16837
-14940
-12011
-10407
-11247
-13279
-14112
-11104
-5707
-2186
-1482
-1212
904
3980
6476
8288
9360
10178
11203
12290
12539
11580
10261
8918
8152
8205
7366
4546
677
-1880
-2620
-3004
-3928
-5873
-8540
-11132
-12224
-11462
-10143
-9576
-10989
-13525
-14181
-11888
-8735
-7634
-8308
-8933
-8754
-7290
-5166
-3355
-2582
-2493
-2481
-2039
-567
572
970
1564
2700
3760
3973
4198
5060
6291
8226
10106
11301
10848
10295
11242
13189
15398
15800
14560
12574
10693
9798
10145
11675
11142
5349
-1769
-4627
-2096
-100
-2285
-7805
-13597
-15875
-14617
-11616
-9738
-11066
-13903
-15680
-13175
-7878
-4232
-3468
-3421
-1275
1727
4147
6184
7741
9464
10883
12170
12748
12011
11123
10192
9977
10254
9602
6773
2577
25
-541
-888
-2353
-5003
-7838
-10668
-12071
-11588
-10828
-11427
-13877
-15936
-15656
-12982
-10774
-11087
-12140
-11525
-9231
-7256
-5923
-4606
-3665
-2766
-1435
335
1463
1809
2468
3790
5562
6623
6723
6476
6993
9046
11004
12033
11809
10966
10679
11904
14288
15036
13606
11271
9293
8489
9013
10515
9634
4228
-2128
-4722
-2297
-39
-1956
-7663
-13347
-15096
-13207
-10032
-8736
-10487
-13288
-14611
-11795
-6947
-3847
-3408
-3494
-1453
1489
3944
5627
6723
8291
10003
11692
12130
11335
10499
9672
9686
10154
9812
7221
3022
455
0
-23
-1292
-4002
-7099
-9970
-11077
-10619
-10048
-10862
-13653
-15962
-15602
-12707
-10568
-11323
-12842
-12360
-9739
-7143
-5604
-4711
-4193
-3274
-1553
710
2142
2365
2493
3518
5402
6834
7100
6798
7186
8744
10437
11588
11616
10964
10480
11270
13281
14356
13358
10867
8507
7525
8489
10560
9640
3799
-2945
-5012
-1854
646
-1418
-7523
-13334
-14961
-12573
-8980
-7869
-10055
-13428
-14778
-11525
-6367
-3395
-3651
-4081
-2034
1036
3773
5451
6323
7394
9140
11364
12174
11469
10181
9156
9615
10864
10941
7854
3283
697
523
1052
89
-2900
-7026
-10464
-11122
-9956
-9344
-11327
-14868
-17056
-16190
-13128
-11579
-12717
-13986
-13020
-10352
-7836
-5977
-4889
-4338
-3199
-868
1682
2931
3205
3584
4959
6964
8183
8261
8078
8697
9925
11084
11759
11688
10904
10305
11235
12653
12750
11039
8545
6948
6909
8248
9015
6173
316
-4160
-3452
15
977
-2956
-9196
-12737
-11923
-8553
-6118
-6935
-9886
-12521
-11859
-7917
-4056
-2962
-3969
-3656
-1377
1247
2940
3690
4606
5870
7780
9363
9341
8358
7307
7443
8740
9852
8902
5426
2347
1570
2241
2232
415
-2623
-6059
-7844
-7389
-6842
-8399
-11907
-14483
-14630
-12696
-11148
-12513
-15047
-15193
-12447
-9462
-7777
-7170
-7458
-7060
-4395
-594
1765
2135
2177
2924
5011
7767
9286
9322
9485
10644
11993
12701
13056
13020
12488
12478
13463
13867
12351
9754
7330
6359
7708
9282
6855
161
-5748
-6068
-2186
337
-2320
-9024
-14567
-14856
-10625
-6159
-5321
-8417
-12334
-12808
-8601
-3102
-535
-1537
-2454
-935
1664
3795
5055
5744
6307
7422
8928
9186
7947
6340
5844
6841
8218
8027
4795
736
-811
96
1122
379
-2065
-5608
-8274
-8048
-6465
-6763
-9648
-12422
-13156
-11976
-10206
-10634
-12893
-13581
-11458
-8714
-7370
-6943
-7122
-6842
-4392
-767
1476
1544
1278
2053
4238
7376
9216
9090
8585
9343
11185
12741
13803
13709
12690
12324
13101
13878
12906
10430
7846
7010
8349
8413
4510
-1678
-5342
-4266
-1640
-1488
-5712
-11795
-15067
-13566
-9303
-6433
-7232
-10912
-13630
-11667
-6384
-1808
-654
-1680
-1801
1
3019
5616
7045
7538
7649
8267
9291
9697
8680
7224
6782
7287
7508
5860
2635
58
-658
-374
-724
-2349
-5110
-7907
-8956
-7988
-7524
-9549
-12335
-13432
-12390
-10549
-10201
-11790
-12889
-11504
-8924
-7071
-6046
-5587
-5514
-4355
-1295
1542
2412
2384
2805
4191
6517
8500
8871
8453
8960
10490
11837
12666
13009
12346
11539
12137
13331
13269
11369
8443
6229
6709
8603
7266
1173
-4995
-6014
-3150
-1469
-3803
-9283
-14116
-14780
-11553
-7822
-6856
-9104
-12255
-12673
-8880
-3518
-754
-1356
-1879
-268
2265
4563
6282
7267
7538
8005
9141
9753
8901
7386
6524
6652
7315
6931
4107
595
-952
-646
-548
-1592
-3599
-6457
-8643
-8543
-7828
-9152
-11452
-12526
-12358
-11525
-10823
-11474
-12593
-11823
-9294
-7276
-6278
-5614
-5292
-4489
-1876
1221
2654
2804
2993
3787
5584
7963
9269
9007
9039
10273
11405
12012
12896
13373
12807
12516
12777
12529
11461
9829
8069
7590
8551
7110
984
-4759
-4800
-1685
-1041
-4509
-10167
-14606
-14700
-11246
-7925
-7489
-9934
-13061
-13556
-9422
-3416
-740
-1818
-2419
-534
2191
4577
6451
7316
7453
8090
9369
9716
8563
7123
6392
6702
7512
6823
3508
-87
-1333
-704
-418
-1578
-3932
-6887
-8766
-8382
-7826
-9254
-11419
-12335
-12166
-11608
-11068
-11433
-12196
-11643
-9454
-7384
-6172
-5404
-5257
-4591
-2079
1034
2687
2799
2914
3827
5638
7824
9068
9151
9391
10673
11736
12333
13329
13617
12979
12620
13208
13295
11463
9073
7978
8789
9188
5863
-759
-4978
-3318
-573
-1663
-6074
-11331
-14390
-13708
-10204
-7428
-8097
-11031
-13431
-12365
-7680
-2896
-1536
-2392
-1755
249
2425
4626
6242
7077
7399
8356
9382
9085
7791
6394
5894
6472
7077
5630
2070
-875
-1851
-1468
-1288
-2582
-5078
-7420
-8246
-8488
-9581
-10651
-10997
-10805
-10540
-10778
-11658
-12090
-10939
-8737
-6495
-5119
-5023
-5460
-4590
-1743
1207
2828
3332
3128
3242
4701
6927
8441
9017
9229
9515
9760
10623
12386
13094
12402
11730
11806
11931
11202
9550
8202
8951
9900
6471
-464
-4135
-1640
1401
-210
-5418
-11004
-13717
-12356
-8717
-6372
-7613
-11206
-14235
-13069
-7491
-2416
-1904
-3877
-3569
-1062
1282
3519
5478
6356
6420
7206
8313
8156
7313
6578
6442
6988
7159
5258
1598
-779
-621
-15
-784
-3077
-5823
-7971
-8331
-8068
-9683
-11722
-12332
-11578
-10973
-11351
-12158
-12650
-11385
-8317
-5549
-4582
-5189
-5420
-3562
190
3398
4295
3812
3283
4149
6527
8890
9955
9377
8735
9262
10354
11731
12622
12238
11073
10353
10869
10953
9792
7828
6701
7549
8040
4199
-2582
-5083
-1695
1132
-889
-6395
-11557
-13418
-11178
-6848
-4790
-6646
-10618
-13286
-11264
-5241
-514
-885
-3113
-2842
-654
1794
3940
5474
5785
5551
6515
7390
6820
5664
4811
4806
5718
6240
4062
175
-2140
-1781
-445
-454
-2357
-5342
-7691
-8117
-8513
-9494
-9861
-9973
-10404
-11529
-12407
-12208
-11068
-9387
-7513
-5943
-5479
-5604
-4671
-2002
1175
3178
4049
4237
4534
5796
7531
9320
10603
10962
10864
10777
11341
12464
13208
13234
12675
11728
10634
9580
8614
8009
8506
8350
4304
-2359
-5347
-2619
418
-1006
-6352
-11824
-13837
-11811
-8229
-6185
-6917
-9784
-12284
-10943
-5686
-1164
-708
-2014
-1561
540
2622
4332
5691
6291
6428
7058
7831
7412
5982
4687
4336
5033
5439
3556
-249
-3061
-3342
-2596
-2792
-4359
-6556
-8458
-9832
-11165
-11723
-11034
-10112
-10114
-11594
-13239
-12747
-10353
-8026
-5987
-4418
-4314
-4870
-3682
-460
2598
4468
5228
4929
4983
6461
8221
9455
10469
10968
10681
10483
11156
12119
12325
11965
11573
10798
9764
8887
7982
7794
8550
7063
912
-4479
-3223
1009
1460
-3081
-9181
-13032
-12310
-8315
-5400
-5791
-8467
-11679
-12420
-8200
-2023
18
-1878
-2596
-698
1771
3766
5581
6580
6412
6649
7554
7673
6671
5439
4627
4531
4975
4002
593
-2834
-3792
-3088
-3313
-5131
-7365
-9165
-10320
-11395
-12612
-12873
-12047
-11211
-11629
-13190
-13682
-11889
-9128
-6571
-4357
-3467
-4029
-3446
-350
3369
5767
6754
6719
6508
7770
9966
11127
11565
11842
11683
11635
12158
12493
11969
11521
11280
10222
8724
7569
6699
6232
6753
5829
15
-6250
-5885
-942
1113
-2488
-8867
-13844
-13504
-8411
-4026
-3781
-6509
-9809
-11204
-7709
-690
2706
771
-1089
109
2536
4576
6456
7455
7088
6946
7612
7588
6315
5133
4588
4400
4562
3581
270
-3624
-5103
-3987
-3444
-5261
-7868
-9831
-11251
-12669
-13321
-12659
-11747
-11176
-11969
-14145
-14880
-12343
-8816
-6499
-4888
-4171
-5052
-4878
-1424
2971
5505
6350
6334
6018
7058
9463
11404
12640
13243
12850
11987
12172
13441
13931
13538
12448
10499
9342
8634
7360
6489
7035
5815
-597
-6745
-6060
-1599
-497
-4571
-10663
-15175
-14401
-9569
-6297
-6192
-8150
-10758
-11705
-7697
-583
2130
413
107
2276
4345
5921
8127
9261
9148
9609
10006
9292
7698
6448
5597
5242
5703
4363
31
-4365
-5639
-4652
-4861
-6843
-9187
-11135
-13025
-15157
-15811
-14590
-12882
-12103
-13720
-15996
-15711
-12253
-8495
-5955
-3817
-3116
-3973
-3130
822
5144
7292
7927
7621
7260
8475
10410
11846
12746
13278
12780
11610
11817
13042
13442
13141
12315
10650
8664
7449
7254
7865
7899
3749
-4134
-7849
-4159
55
-1637
-7782
-13900
-16410
-13425
-8156
-5873
-7545
-10581
-12218
-10599
-4764
892
1189
-451
793
3813
5733
7186
8851
9157
9416
10823
11428
10060
7892
6550
6068
6785
6976
3924
-954
-4271
-4597
-4145
-5384
-7937
-10446
-12512
-15356
-17438
-16627
-15233
-14635
-15074
-16866
-18176
-16377
-12297
-8993
-6275
-3898
-3836
-4296
-1660
3261
6804
8653
9618
9330
9474
10816
12476
14129
15138
15270
14219
13366
13796
14069
13867
13293
12059
9977
8125
7762
8340
7694
2353
-5067
-6827
-2611
389
-3195
-10582
-16158
-16877
-12731
-7810
-6782
-10043
-13679
-14262
-10596
-3361
1386
202
-1758
215
4269
7028
8982
10428
10116
9977
11542
12446
11003
8916
7832
7528
7823
6987
3338
-1363
-3768
-3394
-3304
-5254
-8233
-10996
-13497
-16284
-17234
-15891
-15367
-15609
-16529
-18764
-19307
-15771
-11641
-9735
-7477
-5068
-5020
-4766
-889
3921
6538
8456
9447
9231
10082
11778
13352
15011
16334
16161
14657
14082
14661
15240
14982
13797
11869
9825
8625
8861
9358
5646
-2318
-6575
-3786
427
-733
-7710
-15088
-17631
-14385
-9090
-6537
-9039
-13722
-15745
-13300
-6776
-569
113
-2649
-2562
1617
5562
7580
9243
9912
9629
10848
12804
12061
9506
8314
8409
8855
8517
5766
937
-2921
-3154
-1967
-3102
-6241
-9316
-12087
-15434
-17088
-15324
-14227
-15132
-16401
-18646
-20352
-17468
-12259
-10191
-9281
-7079
-6490
-6750
-3300
2313
5003
6316
7977
8159
8525
10495
12752
14646
16267
16666
15149
14348
15404
16354
16422
15612
13743
11308
9725
9978
10858
7880
-404
-6080
-3954
591
230
-6629
-14549
-17931
-15554
-10254
-6968
-8823
-14006
-17092
-14996
-8501
-1733
-298
-3223
-3907
223
4825
6972
8807
10078
9775
10615
12782
12660
10122
8427
8258
8885
9198
6589
1299
-3200
-4102
-2576
-2520
-5166
-8797
-12264
-16054
-17625
-14887
-12755
-13872
-15837
-18200
-19724
-16562
-10858
-8589
-8046
-6091
-5431
-5723
-2442
2799
5297
6635
8262
8402
8262
9627
11784
13609
15168
15869
14582
13012
13921
15855
15403
13380
12077
10827
9834
10706
10525
3750
-4618
-5089
-296
2190
-1184
-9736
-17376
-17521
-11707
-6798
-6259
-10271
-15641
-16992
-12204
-4269
188
-1229
-4110
-2846
2484
6354
7996
9461
9845
9782
11589
13462
11872
9178
8345
8402
8694
7896
4507
-677
-4285
-4302
-3565
-4913
-7679
-10701
-15223
-19231
-17722
-14171
-13975
-15649
-17593
-19559
-18362
-12741
-8206
-7073
-5553
-4050
-4085
-1975
3170
6460
7548
9303
10198
9696
10029
11691
13626
15016
15864
15446
13556
12756
14050
14466
12697
10944
9786
8745
9241
8615
1735
-6385
-6061
-440
1295
-2776
-10381
-17584
-18115
-11720
-6079
-5853
-9601
-14636
-16761
-11935
-3132
1404
-92
-2208
-1379
1873
5673
8989
10897
11147
11023
11525
12343
11776
9964
9039
9425
9567
7667
3695
-1106
-4329
-4186
-3310
-4891
-8109
-11979
-17550
-21007
-17936
-14036
-14559
-17198
-19986
-21487
-18505
-12406
-8819
-7593
-5553
-4281
-3851
-645
4230
7047
9042
11576
12269
11196
11427
13269
15195
17306
18664
17231
14290
13477
14274
13963
13417
12538
9979
7910
7595
3755
-4360
-7113
-2983
-342
-3294
-10202
-17097
-19410
-14982
-8679
-6808
-9556
-13855
-16142
-13551
-5793
1070
1442
-865
-424
2995
6100
8480
11318
12669
12479
12736
13276
12140
10079
9264
9227
9295
8044
4187
-1169
-5299
-5812
-4691
-5643
-8564
-12031
-17481
-22217
-20415
-15625
-14453
-16908
-20241
-22158
-19898
-13506
-8306
-7053
-6469
-5067
-3686
-341
4920
8160
9292
10732
12139
12709
13235
14426
15768
17095
18674
18761
16440
14872
14940
14036
12886
13078
12989
11411
7806
84
-7431
-6185
367
1494
-5254
-14444
-20855
-20966
-14161
-7243
-7374
-12812
-17614
-18258
-12845
-3441
1513
-307
-1910
336
4103
7351
10660
13012
13210
13726
15589
15874
13808
12057
11267
11297
11821
9892
4606
-1164
-4473
-4972
-4739
-5903
-9185
-15133
-22015
-24035
-20386
-16717
-17340
-21438
-24852
-24609
-19739
-13382
-10118
-9259
-8210
-6259
-2801
2023
5810
7987
10361
12630
14182
14778
14883
15869
18107
20896
21597
19438
17002
15482
15027
15365
15460
14481
12515
9167
2179
-5608
-6416
-1195
991
-4247
-13088
-20235
-22153
-17589
-10815
-8540
-11982
-16656
-18826
-16168
-7795
-502
81
-1314
-44
2695
5014
8194
12173
13894
14000
14942
15593
14044
12181
12052
12530
12741
11332
6860
932
-2929
-3212
-3017
-4387
-7136
-13366
-21048
-23163
-19244
-16084
-17716
-21990
-25238
-25049
-20654
-14865
-11769
-11094
-10005
-7973
-4654
332
4339
6221
8530
11599
13660
14360
15057
16565
18595
21253
22621
21422
19353
17809
16986
16803
17471
17211
15025
10266
974
-6043
-3550
2061
1239
-6902
-16612
-22511
-21233
-14844
-10308
-11667
-16756
-20366
-19996
-14117
-5394
-2148
-3952
-3771
-15
3899
6445
9516
12081
12750
13942
16545
17042
14448
12593
12364
13075
13812
11414
5604
-309
-2897
-2532
-2424
-4114
-9088
-17201
-22492
-20717
-16459
-15949
-19600
-23864
-25136
-22436
-17409
-13232
-11745
-11293
-10060
-7242
-2512
1834
3944
5618
8143
10957
13046
14003
15235
17180
19276
20986
20978
19744
18802
17879
17110
17255
17408
16369
11841
2580
-4050
-1980
2955
2515
-5428
-15321
-20378
-19205
-13970
-9646
-11040
-16147
-19715
-19348
-13810
-5978
-3023
-4641
-4633
-932
3238
5076
7406
10669
11749
12773
15279
15629
13330
11989
12299
13094
13137
10407
5109
118
-1546
-920
-1669
-4706
-10731
-17683
-20214
-17717
-14555
-15576
-20723
-24448
-22968
-18338
-14123
-11961
-11611
-10923
-8655
-4601
-158
1968
3203
5350
8094
11168
12615
12439
13297
15920
18840
20188
19465
18192
16944
15587
16294
17805
17722
15349
7069
-2724
-3255
2636
4687
-359
-9890
-18377
-20125
-15402
-9928
-9379
-13674
-17867
-19603
-16441
-8499
-3838
-4526
-4597
-1978
1742
4484
6297
8747
10799
12249
14590
15504
13405
11506
11105
11852
12970
11360
6751
1662
-1572
-1681
-1142
-3265
-8825
-15208
-18351
-17650
-15453
-15401
-19236
-23118
-21997
-17471
-14272
-12749
-12011
-11359
-8503
-3124
1301
2182
2265
3954
7247
11795
14156
13166
12328
14055
17434
19484
19115
17473
15416
14187
15179
16798
16935
13510
3824
-4541
-2415
4000
4790
-2209
-12607
-19524
-18877
-12323
-6988
-8749
-14970
-19245
-19367
-13669
-4694
-1836
-5243
-6383
-2315
2880
5700
7654
9390
10096
11928
15269
15749
13009
11545
11654
12380
13038
10887
5346
-441
-2252
-494
95
-4187
-11881
-17645
-18862
-15930
-12882
-14875
-20647
-23394
-20287
-15818
-12458
-10214
-10209
-10441
-7316
-1695
1614
2461
3436
5073
8518
12080
12971
11901
11969
14774
18078
19622
18450
15506
13042
13047
15669
17966
16475
7307
-4195
-5751
1046
5393
1406
-8942
-18661
-21044
-15448
-8489
-6974
-11702
-17182
-19180
-15862
-7105
-1330
-3000
-4837
-1998
2643
5257
6832
8678
9916
11590
15098
16883
13785
10419
9744
10688
12643
12261
7408
240
-4442
-3682
-1427
-3970
-10608
-16036
-19123
-18398
-14859
-14780
-18865
-21264
-18603
-14694
-11879
-8722
-7730
-8448
-5188
954
3844
4285
4893
5647
8434
12062
13703
13092
12029
13132
15188
16742
17342
15294
12315
11643
13028
15003
13951
4793
-5006
-4620
1228
3476
-1420
-11049
-18804
-19533
-13367
-7016
-7446
-12774
-17003
-17870
-12692
-3219
523
-2263
-3552
-497
4222
7454
9600
10594
9798
10875
14991
16468
13676
10629
8538
8624
10452
9668
4794
-1985
-6084
-5177
-4483
-8630
-14202
-18396
-20861
-19604
-16581
-17245
-20995
-21390
-17511
-13676
-9723
-5983
-5976
-5896
-501
5197
7265
8393
9044
9856
12523
15603
16529
15234
14555
15441
16474
17165
16512
13737
11068
10556
12113
13286
6908
-4894
-8983
-4387
-145
-1833
-9683
-18996
-23289
-19622
-11586
-7423
-10588
-15817
-18752
-16204
-6339
1691
1254
-1082
514
4721
8137
11107
13983
13718
12494
15409
18333
16355
13158
10805
9247
9573
9550
6311
91
-5532
-6952
-7084
-10414
-14436
-17676
-21027
-22369
-21038
-20587
-22539
-22403
-18528
-15386
-13036
-8930
-6349
-5297
-430
5718
8488
9732
10986
12553
14874
18061
20183
18841
17299
18268
19265
19352
18934
16288
12914
11817
12498
13058
7173
-4295
-9342
-6399
-2948
-4451
-12520
-21881
-25851
-23227
-16212
-11096
-13826
-19535
-21821
-18783
-9161
-336
946
-874
-38
4601
9100
12202
16175
17547
15672
17466
20986
19333
15933
14100
12655
12147
11254
7636
1117
-4755
-6182
-7589
-12167
-15423
-18113
-22305
-24639
-24108
-24043
-24858
-23606
-20396
-18122
-16132
-12269
-8936
-5896
-359
4534
7171
9118
10914
13733
16954
20068
22175
21575
20505
21396
22879
23125
22057
19750
17244
15473
15460
15064
6546
-4630
-6790
-3849
-2997
-7023
-16087
-25034
-27897
-24026
-17820
-15454
-18534
-22916
-25100
-20614
-10082
-3464
-2539
-2172
-9
4736
9017
12461
16632
18338
18368
20985
22896
20793
17875
16189
15897
15453
12936
8359
1498
-3802
-4966
-8155
-13507
-15984
-18834
-23611
-26008
-25939
-26248
-26240
-23967
-21223
-19830
-17540
-14024
-11060
-6243
59
3658
5649
7835
10079
13191
17018
20610
22198
21540
21237
22112
23348
23858
22852
21585
20310
18483
17558
14014
4210
-2382
-638
1455
-1426
-9287
-18876
-24909
-24250
-18692
-15296
-18215
-23045
-26045
-25517
-18032
-8873
-6491
-7440
-5768
-1163
3614
6982
11012
14402
15381
17684
20971
20743
18348
16816
16717
17698
16886
12784
6910
1448
-1301
-3233
-7134
-10748
-13651
-18336
-23001
-24654
-24027
-23726
-23791
-22562
-21034
-19876
-17731
-14529
-10482
-5561
-1142
1749
3660
5864
8902
12340
16327
19714
20401
20027
21022
22771
23853
23322
22210
21620
21099
20888
17774
8841
1215
892
3524
3205
-3179
-13687
-21617
-22897
-18535
-13918
-14873
-20314
-25426
-26381
-20309
-11543
-7474
-7731
-7917
-4927
471
4933
8582
11611
12823
14723
18265
19768
18158
15543
14193
15046
15618
13409
8332
1897
-3138
-6021
-7564
-8364
-10943
-16477
-22128
-24485
-22819
-20042
-19054
-19245
-19168
-18013
-15236
-11511
-7488
-4074
-1778
985
4080
5940
7449
9566
12545
16071
18068
18227
18153
18528
19630
20643
21113
21278
20179
18496
16215
10253
3644
2586
4573
4039
-1072
-9800
-17435
-19757
-16606
-12115
-12000
-16365
-21269
-23738
-20333
-12036
-6464
-6068
-6731
-5718
-2359
2123
6823
10847
12198
12676
14713
16277
16084
15116
14047
13834
13733
11657
7508
1616
-4226
-6901
-7305
-8319
-11440
-16984
-22761
-24810
-22003
-18251
-17271
-17795
-17859
-17298
-14296
-8732
-4257
-2192
-673
1519
4093
6380
8311
10069
11962
14202
15873
16195
16366
17192
18176
18858
18918
18455
17406
16636
15781
11336
4591
1460
2494
2980
-104
-6644
-13726
-17250
-16011
-12511
-10969
-13150
-17086
-19763
-17648
-11389
-6624
-5427
-5377
-4193
-1328
2321
5852
8783
10298
11283
13417
15326
15378
13796
11773
11202
11638
10325
6196
392
-4928
-7928
-9091
-10442
-13455
-18077
-21889
-22824
-21432
-19368
-18023
-17313
-16082
-13801
-10731
-7312
-3964
-1057
1571
4202
6423
7962
9063
10396
12573
14951
16080
15936
15710
15942
16766
17729
18030
17188
15422
14488
13810
10056
4608
1438
966
1111
-864
-5993
-12080
-15800
-15564
-12668
-10758
-11635
-14272
-16870
-16077
-11280
-6503
-4181
-3328
-2077
-151
1925
4906
8237
10097
11315
12928
13551
12789
11360
10038
9710
9001
6596
2982
-1566
-6136
-8995
-10416
-12032
-14311
-17373
-20313
-21085
-19185
-17136
-16556
-15352
-13089
-10982
-8137
-4587
-1902
31
2440
5180
7582
9311
10173
10767
11980
13994
15652
15980
15543
15153
15053
15311
15897
15862
14321
12682
11019
6953
2530
1032
978
-150
-3127
-7531
-12186
-14503
-13410
-11385
-10624
-11252
-12939
-14389
-12568
-8105
-4695
-2830
-1373
373
2161
3929
6484
9036
10481
11458
12387
12303
10946
8982
6998
5619
4459
2033
-2102
-6707
-10483
-12828
-13930
-14706
-16148
-18294
-19857
-19458
-17087
-14346
-12555
-11226
-9288
-6705
-3889
-806
1856
3580
5508
7619
9087
10413
11478
12247
13512
14987
15619
15297
14953
14591
14458
14739
14571
13608
12231
10609
6662
2355
1155
823
-399
-3146
-7439
-11917
-14153
-13207
-11486
-10839
-11528
-12756
-13546
-11592
-6994
-3770
-2035
-231
1838
3811
5451
7678
9471
9792
10305
11205
10452
8356
6135
3733
1435
-93
-1352
-4396
-8306
-10861
-12913
-14508
-14093
-13287
-14231
-15046
-14396
-13442
-11951
-9224
-6607
-5235
-3648
-1690
-378
1503
4010
6004
7551
8668
9169
9481
10293
11458
12220
12381
12084
11483
10775
9983
9159
8870
8652
7526
6331
4436
1093
-981
-711
-208
-1290
-3962
-6956
-8444
-7836
-6202
-5353
-6007
-6180
-5796
-5027
-2703
-518
263
809
2027
3499
4203
4053
4160
4298
3406
2355
1602
787
-229
-1990
-4023
-5590
-6426
-6758
-7607
-8621
-8942
-9297
-9786
-9354
-8428
-7792
-7073
-6054
-5070
-4438
-3682
-2291
-467
1274
2557
3473
4347
5168
6236
7471
8464
9364
9618
9528
9921
10469
10890
10980
10566
9838
9515
9721
10263
9568
6146
3071
2549
3409
2761
-1044
-5430
-7946
-8040
-6868
-7428
-9967
-11709
-11532
-9748
-6760
-5088
-5808
-6045
-4059
-764
1360
1353
884
549
794
2067
2545
1289
-496
-1680
-2104
-1909
-1838
-3046
-4873
-5308
-4707
-4827
-5184
-5148
-5492
-5788
-5082
-4348
-4286
-3867
-2881
-1936
-1107
-303
309
1333
3269
5060
6014
6414
6763
7493
8756
10481
11562
11194
10187
9540
9566
9902
10184
9766
8209
5621
2774
1571
1847
1673
-80
-3075
-5735
-7078
-6912
-6010
-5918
-6865
-7725
-7763
-6883
-5199
-3764
-3353
-2677
-1279
-333
-307
-346
-3
184
765
1373
303
-1767
-3173
-3588
-3339
-3121
-3661
-5131
-6388
-6523
-6121
-5749
-5247
-4755
-4539
-4097
-3472
-3021
-2457
-1553
-380
665
1351
1949
2494
3152
4373
5902
7173
8105
8608
8994
9784
10579
10951
10799
10170
9504
9043
8466
7193
4882
1825
-406
-742
-392
-949
-2949
-5581
-7326
-6893
-4828
-3061
-2410
-2933
-4049
-4207
-2729
-737
579
829
-94
-1302
-1765
-1384
-437
345
70
-1148
-2270
-2840
-2854
-2309
-2042
-2702
-3714
-4612
-5411
-5763
-5608
-5396
-5308
-5407
-5688
-5917
-5593
-4428
-2869
-1720
-989
-396
23
786
2209
3557
4221
4597
5045
5163
5042
5307
5714
6082
6611
6792
6155
5475
5398
5574
5846
5968
5560
4724
4005
3717
3162
2213
1724
1710
1536
808
-260
-1238
-1580
-1131
-679
-797
-1562
-2517
-2915
-2579
-2131
-2283
-3050
-3781
-3864
-3682
-3829
-4143
-4252
-4072
-3623
-3309
-3490
-3970
-4133
-3545
-2665
-2296
-2895
-3976
-4402
-3841
-2953
-2377
-2484
-3011
-3075
-2382
-1406
-611
-253
111
932
1781
2099
1891
1848
2409
3283
3897
3924
3316
2442
2313
3177
4298
4761
4273
3599
3560
4091
4619
4836
4831
4659
4463
4480
4541
3987
2922
2415
2751
3306
3016
1484
-137
-722
-458
-29
-104
-1101
-2568
-3545
-3533
-3014
-3022
-3646
-4224
-4419
-4319
-4168
-4260
-4430
-4171
-3611
-3199
-3186
-3642
-4194
-4014
-2966
-2201
-2499
-3368
-4024
-3924
-2971
-1798
-1359
-1691
-1998
-1722
-761
234
771
1035
1137
1262
1586
1844
1967
2171
2204
2139
2389
2623
2495
2296
2458
2773
3078
3535
3851
3691
3405
3487
3902
4362
4452
4121
3745
3757
4105
4048
3551
3295
3227
3104
2861
2154
1057
305
49
-309
-1169
-2446
-3663
-4202
-4127
-4249
-4955
-5759
-6244
-6110
-5295
-4688
-4907
-5296
-5161
-4568
-3774
-3191
-3138
-3236
-2888
-2108
-1525
-1405
-1462
-1353
-809
128
683
474
190
342
828
1380
1833
1946
1777
1802
2026
2221
2459
2605
2715
3030
3205
2729
2124
2020
2092
2317
2475
2028
1110
443
342
629
1198
1535
1242
673
461
738
1466
2438
2837
2421
1908
1851
2116
2383
2434
2211
1705
1049
437
-228
-797
-1133
-1326
-1447
-1854
-2892
-4039
-4385
-3767
-2976
-2870
-3494
-4408
-4850
-4360
-3422
-2758
-2720
-3153
-3402
-3022
-2393
-1880
-1545
-1256
-830
-461
-288
-172
33
451
1080
1614
1802
1588
1295
1436
1883
2196
2306
2097
1608
1334
1452
1524
1389
1152
880
730
839
970
694
431
584
842
1156
1575
1656
1399
1474
1949
2423
2701
2654
2387
2199
2257
2334
2157
1964
1821
1482
1020
582
135
-290
-538
-792
-1256
-1765
-2262
-2757
-3074
-3084
-3029
-3069
-3203
-3493
-3731
-3754
-3548
-3166
-2739
-2507
-2583
-2684
-2594
-2203
-1494
-743
-420
-503
-536
-372
48
685
1135
1322
1461
1471
1311
1182
1234
1401
1645
1833
1701
1140
586
539
1010
1631
1890
1480
751
409
617
1058
1314
1139
680
316
333
639
843
786
711
889
1237
1417
1309
1047
896
1176
1698
1872
1355
528
40
97
417
459
-40
-786
-1156
-1085
-1050
-1029
-1071
-1329
-1467
-1300
-1186
-1452
-1837
-1971
-1876
-1630
-1456
-1769
-2301
-2434
-2167
-1769
-1348
-1187
-1383
-1435
-1034
-441
-88
55
197
379
805
1344
1484
1193
965
1054
1477
1899
1745
1081
443
274
547
814
736
251
-280
-458
-339
-113
36
-44
-151
37
300
414
511
669
923
1279
1534
1471
1230
1129
1295
1565
1750
1587
1075
652
528
596
631
487
131
-435
-951
-1213
-1284
-1262
-1269
-1498
-1889
-2134
-2248
-2279
-2097
-1851
-1697
-1689
-1760
-1773
-1697
-1408
-941
-501
-148
41
82
171
517
1025
1505
1805
1797
1669
1568
1614
1742
1709
1500
1189
864
562
188
-251
-572
-740
-751
-733
-973
-1342
-1491
-1299
-822
-326
-147
-324
-493
-236
365
935
1203
1051
694
655
946
1210
1259
1049
734
499
427
461
352
79
-71
-64
-38
-189
-570
-966
-1106
-897
-645
-700
-1065
-1461
-1598
-1379
-975
-770
-824
-946
-902
-638
-404
-292
-109
189
521
907
1141
1100
1092
1374
1842
2201
2275
1995
1584
1433
1544
1506
1200
747
186
-317
-592
-838
-1258
-1719
-1974
-2006
-1966
-1970
-2046
-2052
-1834
-1402
-978
-628
-399
-279
-63
403
938
1198
1182
1086
1089
1276
1524
1561
1311
980
740
664
674
537
159
-161
-263
-310
-469
-729
-1010
-1181
-1121
-1017
-1094
-1349
-1582
-1619
-1414
-1091
-963
-970
-918
-770
-504
-167
118
284
489
807
1161
1451
1608
1684
1809
2061
2270
2323
2193
1930
1598
1376
1317
1205
878
369
-196
-671
-927
-1020
-1172
-1450
-1744
-1954
-2023
-1902
-1660
-1486
-1364
-1189
-970
-771
-553
-301
-49
207
400
444
378
315
389
592
702
642
492
242
113
204
344
341
123
-113
-306
-428
-433
-421
-543
-762
-929
-1087
-1160
-1114
-1028
-920
-813
-682
-547
-370
-67
293
608
927
1216
1386
1504
1626
1810
2072
2270
2190
1927
1707
1602
1618
1593
1320
775
234
-89
-238
-378
-660
-1083
-1529
-1793
-1886
-1888
-1900
-1989
-2036
-1961
-1766
-1575
-1430
-1216
-917
-574
-277
-122
-58
70
336
644
894
909
694
518
579
743
799
746
589
375
262
253
210
122
-13
-177
-303
-421
-565
-696
-762
-719
-698
-731
-767
-807
-788
-632
-358
-26
227
296
313
438
718
1090
1400
1499
1414
1262
1225
1365
1492
1525
1411
1210
1024
804
639
525
400
263
93
-197
-592
-908
-1062
-996
-824
-850
-1097
-1370
-1446
-1266
-930
-629
-561
-658
-724
-623
-402
-193
-62
-35
-66
-101
-156
-197
-144
-78
-35
36
57
-43
-131
-109
-17
124
195
117
-58
-211
-243
-193
-109
-85
-207
-375
-426
-413
-352
-275
-243
-146
-15
74
128
207
345
532
759
932
980
940
925
987
1105
1224
1219
1091
972
862
714
593
528
440
273
44
-250
-513
-651
-660
-665
-740
-896
-1065
-1142
-1071
-873
-683
-591
-606
-623
-586
-483
-351
-244
-154
-90
-79
-193
-341
-371
-265
-92
3
-53
-267
-429
-378
-175
34
101
4
-129
-178
-142
-97
-69
-25
53
75
-4
-92
-150
-102
86
277
310
190
62
42
166
375
526
555
508
458
484
577
672
789
872
889
841
715
600
569
607
635
515
280
50
-146
-258
-257
-254
-338
-495
-625
-673
-650
-576
-474
-384
-334
-355
-434
-483
-428
-339
-295
-319
-476
-671
-762
-766
-703
-603
-601
-679
-726
-684
-565
-339
-79
93
154
190
261
309
399
539
627
608
484
323
164
143
220
250
211
104
-15
-85
-2
172
250
293
338
354
374
396
408
421
500
557
491
368
211
104
95
133
116
-16
-155
-243
-290
-300
-310
-320
-321
-337
-354
-359
-350
-327
-278
-197
-135
-173
-244
-290
-318
-288
-234
-298
-445
-577
-679
-690
-584
-468
-417
-408
-338
-263
-181
12
211
367
477
524
487
439
440
492
566
559
429
235
98
78
120
186
242
257
196
112
106
194
315
371
369
335
253
155
109
92
76
69
33
-48
-168
-268
-317
-269
-207
-226
-307
-403
-440
-445
-389
-307
-273
-280
-273
-240
-181
-105
-51
-18
30
77
65
6
-60
-76
-36
-15
-54
-187
-352
-412
-329
-206
-163
-184
-202
-217
-137
21
146
189
193
203
195
212
204
153
148
173
157
76
22
16
35
96
151
179
223
261
290
316
361
431
487
517
458
336
243
204
171
122
47
-96
-223
-281
-320
-334
-332
-356
-430
-472
-435
-393
-355
-316
-288
-254
-230
-218
-213
-210
-182
-153
-171
-207
-238
-287
-294
-250
-214
-208
-228
-249
-196
-79
54
137
169
177
195
262
350
432
449
409
354
306
258
214
190
161
98
35
-26
-51
-45
-10
19
51
111
134
188
271
343
380
384
380
372
359
325
275
217
158
91
7
-60
-115
-148
-177
-211
-222
-233
-236
-228
-236
-245
-210
-175
-170
-192
-229
-264
-283
-293
-307
-348
-392
-411
-428
-434
-441
-436
-407
-351
-277
-223
-177
-129
-39
62
179
310
386
408
414
471
514
562
582
545
473
415
365
301
249
222
196
141
98
78
72
73
101
110
112
135
145
155
161
147
114
90
60
7
-42
-89
-123
-142
-147
-167
-173
-174
-158
-114
-80
-71
-59
-14
28
55
52
21
-8
-28
-50
-86
-123
-169
-242
-307
-342
-359
-383
-394
-443
-467
-454
-428
-399
-361
-307
-268
-200
-111
-28
44
127
215
304
365
379
381
391
446
523
519
445
364
334
361
412
417
346
280
264
296
315
288
229
156
145
158
140
79
-10
-63
-47
-35
-85
-182
-261
-281
-212
-106
-67
-85
-115
-101
-17
87
155
129
60
30
51
86
64
7
-69
-124
-145
-163
-230
-278
-295
-299
-269
-271
-291
-330
-342
-302
-241
-178
-143
-138
-133
-101
-31
55
131
184
208
232
272
314
346
373
392
379
352
321
277
244
258
283
275
235
182
106
82
108
151
148
74
-24
-91
-79
-54
-46
-70
-129
-140
-127
-108
-94
-70
-38
-4
17
26
17
-6
6
41
70
56
1
-66
-109
-119
-112
-86
-77
-89
-116
-148
-139
-115
-84
-66
-82
-110
-144
-187
-213
-220
-207
-203
-216
-226
-233
-236
-195
-123
-57
0
27
61
111
181
273
334
374
385
378
385
392
401
411
429
429
444
425
375
359
363
368
370
353
289
211
142
113
83
70
26
-49
-110
-138
-158
-159
-134
-134
-130
-130
-147
-165
-151
-129
-109
-99
-136
-209
-248
-261
-240
-200
-185
-199
-228
-217
-185
-141
-94
-76
-99
-140
-157
-182
-188
-181
-205
-226
-229
-236
-238
-218
-168
-113
-51
14
63
105
165
242
296
361
396
379
365
377
380
380
393
381
369
359
350
332
334
321
284
245
230
198
146
105
60
22
-6
-17
-35
-48
-69
-93
-95
-92
-84
-100
-107
-118
-148
-168
-183
-178
-199
-215
-221
-208
-195
-177
-133
-79
-27
12
48
69
92
109
101
93
76
37
-13
-79
-146
-190
-221
-246
-285
-319
-330
-313
-263
-225
-179
-123
-71
-4
58
97
136
186
248
292
293
290
307
340
378
412
399
364
336
327
318
307
302
270
213
144
96
55
37
34
9
-29
-52
-81
-83
-54
-20
-7
-34
-35
-37
-59
-66
-53
-59
-69
-93
-113
-122
-110
-92
-87
-81
-79
-76
-55
-17
10
10
-5
-17
-37
-40
-37
-44
-73
-97
-114
-134
-140
-134
-120
-111
-81
-38
-4
33
72
101
146
190
232
248
236
220
225
240
246
236
190
157
130
126
132
109
74
41
28
22
-5
-35
-65
-82
-90
-106
-131
-153
-165
-158
-107
-58
-54
-54
-43
-22
23
52
57
67
67
50
31
22
27
39
36
42
53
45
38
43
70
95
89
72
38
-7
-37
-41
-55
-94
-140
-171
-167
-163
-155
-140
-116
-101
-87
-57
-16
24
57
81
108
127
134
131
117
112
146
171
173
153
147
144
163
185
183
166
119
98
76
62
42
16
-12
-14
0
-22
-57
-66
-64
-21
15
21
11
-8
4
20
65
85
65
32
15
17
32
38
30
14
1
-22
-25
-13
-7
-13
-40
-73
-100
-113
-131
-131
-141
-150
-151
-160
-167
-152
-126
-80
-42
-32
-20
9
39
67
98
123
130
125
130
149
163
161
160
159
159
160
150
151
148
138
105
91
73
45
21
-22
-52
-76
-95
-113
-137
-145
-161
-159
-151
-146
-134
-132
-110
-102
-84
-48
-12
10
11
26
54
74
81
98
109
108
93
59
35
25
13
-4
-20
-22
-47
-70
-86
-82
-71
-55
-41
-43
-48
-47
-14
37
75
95
104
108
123
149
166
167
164
163
154
126
107
82
62
63
52
37
15
-13
-26
-18
-15
-23
-23
-34
-43
-49
-55
-58
-61
-91
-104
-114
-119
-123
-124
-107
-80
-56
-48
-34
-5
33
61
84
83
84
74
68
79
75
62
36
12
5
-20
-36
-56
-71
-80
-73
-62
-79
-95
-100
-89
-69
-55
-52
-60
-58
-47
-10
28
51
75
74
77
105
148
167
179
182
182
190
182
179
160
151
146
128
108
88
72
70
77
81
67
46
10
-19
-36
-58
-89
-128
-168
-199
-223
-236
-222
-212
-199
-186
-181
-170
-137
-86
-33
1
21
40
54
62
78
98
125
124
109
111
109
91
90
92
77
62
35
6
-10
-15
-28
-42
-49
-71
-102
-112
-97
-79
-60
-26
-17
-28
-23
-13
8
51
72
75
65
61
80
92
115
129
108
88
78
66
68
78
86
82
68
48
23
-13
-34
-39
-59
-89
-127
-158
-187
-183
-165
-150
-146
-152
-142
-132
-95
-49
-3
29
51
76
98
113
120
146
158
165
170
143
111
100
94
87
71
47
-5
-62
-93
-98
-103
-114
-130
-158
-178
-187
-174
-150
-137
-121
-91
-69
-55
-24
11
52
88
116
111
105
111
120
134
145
140
120
94
77
87
92
106
104
81
58
55
31
29
27
12
7
-19
-44
-86
-119
-120
-98
-89
-70
-71
-81
-66
-46
-18
15
27
33
36
28
37
54
53
58
59
56
51
46
39
41
42
41
24
1
-16
-30
-38
-35
-33
-47
-56
-61
-43
-17
-7
7
31
53
71
80
89
114
131
142
135
121
110
102
85
70
52
33
13
-6
-15
-31
-33
-34
-28
-46
-62
-66
-71
-69
-74
-74
-77
-78
-90
-90
-86
-73
-65
-63
-65
-66
-63
-51
-33
-19
1
7
14
19
23
34
39
45
47
41
28
14
11
5
10
22
31
24
16
8
11
22
26
14
3
-9
-22
-25
-16
-9
-15
-4
11
14
21
33
46
54
58
49
30
27
23
13
-1
-11
-31
-54
-60
-52
-59
-59
-40
-33
-19
-14
-5
-12
-11
9
15
12
15
20
12
14
24
23
29
39
43
45
52
62
70
75
69
49
25
-2
-17
-36
-56
-67
-77
-93
-95
-96
-91
-86
-84
-62
-42
-35
-28
-26
-30
-18
-8
-16
-25
-26
-30
-30
-15
1
10
10
15
29
50
77
91
84
71
55
37
29
21
10
-6
-25
-41
-46
-52
-36
-30
-31
-25
-23
-20
-10
-2
6
-1
-6
-10
-7
-2
2
19
22
19
27
40
38
47
53
60
56
41
26
10
-7
-17
-20
-36
-58
-63
-68
-77
-75
-71
-68
-48
-29
-29
-25
-20
-25
-24
-18
-14
-10
-8
-9
-10
-8
-16
-22
-19
-20
-30
-29
-22
-8
-4
3
6
14
12
9
17
14
4
-4
-9
-18
-17
-9
-7
-19
-23
-25
-44
-41
-32
-28
-19
-13
-10
-14
-5
8
21
28
33
36
33
39
54
63
54
48
33
23
18
-1
-15
-15
-24
-52
-59
-63
-70
-75
-63
-59
-50
-47
-40
-36
-26
-11
-8
4
3
0
-4
-1
-9
-6
-9
-20
-26
-45
-41
-41
-31
-22
-19
-15
-14
-1
5
16
29
38
36
45
49
52
63
58
56
41
26
21
6
-6
-1
-1
-6
-13
-10
5
-2
0
0
2
0
6
7
-7
-12
-25
-27
-44
-63
-74
-82
-88
-90
-93
-90
-78
-72
-61
-59
-44
-28
-19
-5
14
12
7
13
7
-3
8
9
17
6
-4
-8
-18
-19
-17
-13
-23
-22
-23
-27
-29
-43
-43
-41
-43
-37
-42
-46
-48
-51
-53
-44
-45
-55
-48
-32
-18
-4
1
-6
-2
4
10
7
16
22
23
25
30
34
34
51
52
52
46
39
39
32
28
18
1
-11
-28
-38
-46
-50
-51
-59
-61
-45
-34
-20
-5
7
1
-2
24
28
20
16
4
-6
-12
-26
-30
-39
-45
-45
-52
-52
-57
-67
-71
-57
-49
-45
-52
-52
-48
-39
-41
-61
-67
-73
-68
-53
-44
-44
-42
-34
-21
-7
-3
0
5
18
30
32
39
44
57
74
82
66
44
35
36
42
43
33
14
0
-24
-33
-50
-70
-88
-89
-96
-106
-97
-99
-95
-80
-64
-58
-46
-22
-4
12
27
29
21
24
25
27
28
29
36
27
20
11
14
11
8
14
15
18
19
13
12
16
-3
-15
-35
-35
-33
-41
-39
-36
-32
-31
-27
-27
-26
-26
-21
-7
-7
-8
-10
-11
2
-1
-4
1
4
10
11
23
22
20
18
3
-4
-19
-26
-36
-42
-50
-66
-72
-78
-73
-67
-58
-43
-37
-28
-15
-2
7
19
20
18
34
39
36
38
17
11
14
11
9
4
10
12
13
6
-2
-6
-6
-18
-27
-29
-34
-47
-63
-66
-72
-68
-53
-48
-55
-57
-56
-55
-52
-36
-11
9
16
16
24
39
58
76
88
85
83
87
84
80
70
52
46
29
11
-8
-16
-30
-42
-44
-55
-61
-57
-67
-69
-53
-39
-28
-33
-29
-14
1
22
29
35
32
29
27
28
32
45
46
49
46
47
39
33
39
29
28
24
19
10
-11
-13
1
-11
-27
-28
-38
-49
-57
-61
-54
-51
-52
-58
-51
-25
-15
-12
3
21
23
31
27
32
32
38
42
44
47
30
31
28
32
30
18
14
7
-2
1
9
6
1
-3
-7
-10
-3
5
9
0
-12
-13
-5
14
14
21
27
30
36
36
26
29
28
26
37
37
33
28
25
20
16
20
16
13
9
17
21
18
19
0
2
-7
-13
-13
-26
-23
-25
-15
-14
-11
10
17
23
32
39
46
46
38
28
17
27
37
28
15
1
-10
-10
4
6
3
-1
-3
0
3
4
2
0
-3
2
0
-4
-5
-4
8
15
17
20
20
27
36
43
51
39
31
19
9
9
14
11
10
4
-4
0
1
12
31
29
20
15
21
24
23
16
9
-6
-13
-12
-10
5
22
36
50
47
34
41
39
36
41
48
46
44
46
43
36
29
16
11
4
2
9
4
4
9
9
-3
-12
-8
-4
-13
-15
-14
-25
-20
-13
-9
-1
6
20
27
24
22
25
27
36
42
45
50
47
41
30
28
26
16
13
7
-2
-22
-34
-31
-28
-28
-25
-30
-41
-45
-35
-29
-23
-14
-1
9
10
13
20
34
48
52
60
66
53
45
45
53
49
57
57
56
58
47
52
53
42
31
16
14
19
12
5
-2
-13
-19
-22
-17
-9
-10
-8
-1
-11
-7
-6
6
25
26
35
44
53
56
62
61
67
64
62
72
71
66
54
47
32
35
38
28
19
15
18
5
-4
-12
-22
-35
-37
-32
-30
-33
-34
-31
-27
-13
4
17
36
52
60
63
62
63
67
77
81
63
53
52
45
37
26
15
4
1
-7
-19
-32
-31
-25
-25
-26
-37
-42
-37
-33
-28
-12
-8
-3
8
15
28
47
67
77
78
82
89
85
88
83
85
75
59
50
42
49
43
28
16
10
1
-12
-27
-35
-46
-48
-53
-54
-52
-54
-47
-40
-31
-21
-16
-10
1
20
32
39
45
50
63
61
70
72
66
57
51
48
45
38
22
26
16
7
-3
-16
-23
-33
-36
-48
-55
-62
-70
-79
-77
-83
-66
-66
-56
-40
-38
-23
-15
0
15
30
38
45
56
59
55
51
49
41
47
44
27
28
22
23
22
31
21
17
10
9
4
4
4
-6
-8
-18
-13
-11
-9
-8
-10
1
12
19
23
24
24
24
20
22
38
45
52
48
49
49
48
47
49
46
40
40
35
25
23
25
26
42
41
35
33
31
32
38
33
36
38
32
27
23
29
31
36
35
19
16
18
21
24
10
2
-5
-9
-22
-30
-39
-40
-39
-48
-55
-54
-51
-46
-42
-32
-28
-36
-43
-31
-22
-11
-6
-4
-1
-6
3
16
23
19
22
26
39
47
42
43
50
56
59
47
42
32
20
26
16
1
-3
-10
-20
-19
-25
-46
-44
-48
-57
-53
-52
-47
-39
-37
-37
-35
-26
-24
-11
-7
1
11
20
28
31
33
30
31
19
15
16
19
10
-2
-9
-16
-20
-19
-19
-25
-34
-31
-21
-24
-28
-32
-30
-39
-38
-36
-33
-19
-19
-13
-17
-15
-12
3
5
3
12
11
22
20
29
34
38
40
38
27
16
14
11
2
-13
-12
-19
-23
-21
-19
-27
-32
-44
-40
-36
-45
-39
-33
-34
-36
-37
-34
-36
-32
-28
-19
-19
-9
-3
6
13
8
8
6
11
18
15
18
11
9
6
2
1
-4
-12
-24
-26
-29
-27
-28
-34
-29
-31
-28
-34
-30
-14
-13
-17
-15
-6
7
13
9
20
24
20
27
24
28
37
42
38
34
26
9
4
9
13
9
12
-1
-7
-1
-6
-13
-15
-24
-29
-29
-35
-30
-28
-25
-26
-32
-23
-27
-20
-17
-22
-18
-25
-19
-13
4
2
8
13
12
18
22
25
17
6
8
8
-8
-10
-4
-5
-13
-19
-33
-35
-43
-46
-46
-46
-38
-41
-38
-29
-27
-31
-32
-25
-19
-22
-19
-18
0
8
-4
-6
2
11
13
-1
-9
-14
-23
-21
-32
-32
-32
-49
-62
-61
-53
-55
-67
-66
-71
-61
-58
-65
-61
-55
-47
-40
-32
-33
-28
-20
-2
6
10
15
15
22
31
47
50
50
33
31
26
28
17
9
5
-4
-17
-33
-29
-42
-44
-44
-51
-52
-58
-67
-68
-61
-58
-54
-52
-46
-38
-34
-24
-25
-15
-10
-8
-1
5
18
20
21
16
19
26
19
10
-4
-8
-17
-22
-26
-26
-33
-53
-44
-52
-59
-53
-57
-55
-54
-50
-51
-54
-57
-58
-53
-47
-46
-33
-37
-26
-13
-7
-3
-9
-3
13
19
17
19
20
27
21
16
17
5
9
5
-7
-9
-6
-13
-27
-31
-28
-29
-31
-28
-27
-35
-41
-37
-30
-26
-22
-22
-17
-15
-10
-9
-10
-8
-11
-1
-2
-3
-1
-11
-10
-7
-11
-14
-10
-18
-33
-42
-42
-50
-65
-64
-59
-64
-58
-41
-38
-28
-33
-29
-31
-28
-34
-43
-33
-32
-35
-34
-32
-25
-20
-21
-27
-17
-10
-7
6
19
22
23
29
22
19
4
-1
-14
-26
-30
-41
-43
-55
-73
-76
-67
-64
-60
-63
-74
-56
-54
-64
-72
-73
-71
-74
-75
-81
-70
-64
-52
-48
-30
-13
-6
4
10
22
26
27
19
19
18
3
-14
-3
-6
-13
-13
-20
-10
-6
-11
-6
4
8
14
18
9
3
5
6
4
-19
-35
-43
-39
-35
-24
-20
-16
-8
-6
3
4
3
-10
-5
-5
-20
-24
-22
-25
-23
-34
-44
-45
-56
-56
-65
-63
-51
-48
-42
-32
-30
-29
-26
-29
-32
-31
-34
-34
-31
-31
-35
-33
-21
-5
2
10
12
17
31
33
30
19
12
13
5
-3
-10
-16
-13
-24
-36
-32
-38
-37
-31
-37
-42
-43
-35
-32
-42
-43
-48
-57
-53
-45
-40
-41
-42
-31
-17
-10
-16
-10
-6
2
2
-2
-4
2
18
9
5
-5
-12
-23
-28
-22
-30
-36
-34
-48
-46
-31
-35
-36
-39
-41
-47
-35
-38
-35
-17
-12
-11
-7
-11
-14
-1
8
-3
0
-3
1
6
-11
-8
-15
-16
-18
-31
-28
-19
-23
-28
-28
-28
-36
-35
-28
-29
-41
-43
-46
-53
-55
-57
-49
-47
-46
-48
-45
-34
-35
-22
-20
-32
-27
-20
-9
1
0
4
15
16
24
28
16
25
27
25
23
22
13
7
6
5
9
6
-4
-8
-7
-8
-8
-13
-10
-10
-9
-7
-10
-25
-31
-22
-13
-4
0
0
-11
-14
-12
-25
-34
-39
-42
-45
-37
-30
-35
-33
-34
-25
-15
-13
-17
-13
-17
-11
-6
-10
0
1
2
-2
13
15
8
-4
1
2
-13
-13
-18
-11
-13
-26
-26
-25
-26
-23
-11
-6
-6
-14
-6
1
-8
-19
-14
-5
-26
-34
-32
-26
-19
-16
-19
-11
-5
1
-12
-22
-15
-23
-28
-38
-35
-28
-15
-11
-8
-9
-11
-5
-6
-9
-3
-5
-10
-11
-9
-10
-23
-28
-30
-19
-15
-7
-14
-20
-5
20
28
13
21
21
24
16
3
-3
5
0
-4
-9
-17
-5
0
12
17
7
0
8
10
10
21
11
-10
-4
-5
-16
-11
-10
-9
-20
-14
-24
-42
-40
-35
-41
-33
-24
-20
-13
-26
-26
-27
-21
-16
-8
10
17
15
13
5
-1
0
-5
-15
-21
1
1
-4
-8
-8
-4
0
7
-3
-4
0
7
17
9
-3
-8
-15
-21
-19
-29
-29
-18
-6
-6
-3
-3
-11
-5
-6
-9
-15
-21
-26
-19
-20
-9
3
-5
-3
3
1
7
9
1
-4
-5
-9
-10
-6
-1
-5
-6
-11
-10
-9
-13
-7
-8
1
6
3
-1
0
7
3
12
17
16
19
12
13
10
14
6
3
19
20
3
-9
-11
2
2
1
4
3
15
16
17
9
1
8
3
-3
2
-2
2
19
21
16
5
1
10
24
18
5
-11
-9
-2
-14
-21
-24
-5
0
-11
-13
-12
-5
-6
2
3
0
-9
-6
-6
-12
-14
-19
-19
-18
-21
-16
-8
0
-2
6
7
1
13
2
10
9
4
0
13
23
26
31
31
30
25
27
26
12
12
14
19
30
36
19
15
24
15
1
-2
-8
-5
0
-2
4
4
3
18
25
10
9
10
9
-1
3
2
5
4
-2
4
8
12
5
4
0
-3
-7
-3
-2
1
2
-6
1
3
9
2
14
12
10
20
21
19
24
34
42
42
43
43
48
44
40
49
53
37
27
24
33
33
32
21
21
24
10
14
13
22
31
27
29
31
12
17
22
20
6
5
10
8
9
7
12
10
14
19
9
4
14
10
12
14
15
13
20
17
18
26
15
18
14
16
15
10
15
5
-4
9
12
9
4
6
25
43
47
46
42
46
44
45
54
50
57
59
58
61
49
37
42
47
46
30
7
5
15
17
13
4
-6
-7
1
5
-5
-1
1
-1
10
0
6
8
5
12
2
4
-2
-16
-18
-15
-18
-15
-12
-14
-9
1
-10
0
16
19
27
34
32
42
45
47
50
42
49
44
33
13
12
16
24
22
26
24
26
35
29
28
22
27
33
40
43
32
27
37
38
37
23
8
1
5
6
2
2
1
11
5
0
-2
-3
10
25
10
1
-2
3
9
10
23
26
21
23
29
36
30
28
31
26
26
29
31
33
26
28
34
32
36
27
30
38
39
34
32
41
45
41
46
36
28
19
15
16
16
18
8
-2
-2
-4
1
1
-10
-10
-11
-7
-6
-2
-8
-8
-10
-12
-14
-3
10
4
1
-5
-7
-7
2
7
3
-4
7
9
11
21
22
25
23
23
15
24
29
39
36
33
31
22
29
26
26
11
5
6
7
9
13
6
3
3
3
-1
2
10
13
9
1
-2
-6
-8
-7
-9
-4
-4
-13
-14
-4
-6
-6
1
-3
7
12
17
14
10
17
8
4
18
24
22
8
8
4
21
28
26
22
14
26
25
19
8
7
4
11
14
20
26
29
27
15
7
13
26
22
17
13
14
15
1
3
7
11
14
17
18
14
14
3
0
-11
-5
-2
8
6
-5
9
18
22
16
16
9
14
13
14
2
2
5
3
12
11
2
9
19
19
23
9
4
6
17
20
11
15
13
19
11
3
7
9
8
2
14
23
19
12
25
30
25
26
15
18
16
2
-5
2
12
17
17
14
20
20
7
4
3
-1
-6
-9
-12
-12
-21
-22
-16
-18
-14
-15
-23
-28
-19
-11
1
2
-4
8
9
1
-6
-4
-2
2
3
2
14
19
19
21
19
12
6
7
7
10
7
0
-10
-6
-2
1
4
-15
-10
2
-2
1
-7
-10
-17
-10
-11
-10
-3
-4
-3
-9
-16
-20
-9
-13
-9
-5
0
16
22
17
6
15
18
24
11
9
18
18
17
14
11
6
8
0
-8
0
0
-7
-12
-11
-6
5
9
6
11
8
8
9
10
14
12
4
2
12
14
12
13
0
6
5
0
1
6
13
-1
-11
-4
1
9
3
9
9
15
23
21
13
-1
12
20
13
-6
-16
-9
-4
-12
-18
-9
-11
5
9
-3
-8
-4
3
8
15
12
8
2
-2
4
5
15
29
20
5
13
14
16
10
9
22
32
26
16
3
-1
6
6
8
0
7
12
6
9
13
16
9
7
7
3
12
16
27
25
11
5
3
6
4
1
2
6
13
8
13
18
22
13
13
9
0
-2
-7
-6
-16
-2
-4
-11
-17
-6
-8
-13
-9
-5
4
7
4
0
-2
2
1
0
3
7
12
18
1
-17
3
9
6
-5
-17
-15
-8
-9
-14
-7
-6
-9
-10
-10
-16
-7
-2
-9
-15
-17
-10
-6
14
19
22
33
28
23
25
28
33
25
6
6
9
17
17
13
11
13
11
13
9
7
7
-2
1
5
8
4
1
-9
-12
-16
-18
-12
-19
-18
-15
-26
-22
-1
10
11
17
22
20
17
20
17
23
30
18
18
10
6
20
20
9
0
-4
4
9
6
12
9
9
17
15
19
16
9
7
4
-4
-19
-13
3
5
0
-5
-6
7
10
0
-3
2
-1
6
1
-4
4
-6
-2
-3
0
-2
-1
5
8
6
8
9
10
9
9
9
3
-7
-17
-19
-7
-8
-16
-5
0
6
-2
-7
-1
-2
10
15
14
14
24
28
24
15
13
18
20
7
1
9
16
17
12
10
-1
-1
-2
-10
-10
-4
-6
-9
-17
-15
-17
-20
-17
-16
-26
-21
-7
-1
-8
-11
-6
-7
6
5
-1
1
-1
-5
-11
-2
2
-1
3
13
6
8
10
14
15
11
13
16
15
17
26
38
28
16
13
18
20
11
3
-2
2
4
0
-10
-8
-5
-4
-10
-20
-20
-16
-12
-10
-12
-14
-10
1
7
1
-6
-1
-7
-9
-9
-13
-21
-9
-10
-12
-6
4
11
11
13
8
0
-2
9
12
14
17
12
18
22
18
18
9
7
11
5
6
15
17
19
18
18
16
15
13
11
8
17
10
6
17
18
20
6
4
-2
-9
-4
-8
-10
-11
-15
-14
-14
-10
-14
-11
-15
-15
-11
-7
-2
6
11
8
12
2
5
3
3
-2
3
12
2
-2
-2
-6
5
4
9
4
-4
-7
-6
-1
-3
-3
-4
4
1
4
-7
-4
-8
-4
1
-11
-7
3
13
4
3
15
27
33
20
3
8
3
7
10
1
-3
4
5
5
10
5
15
28
39
38
27
29
27
25
17
14
15
8
1
-12
-22
-7
1
1
-2
-6
7
12
12
5
5
2
15
25
24
26
17
13
7
3
10
10
7
8
7
16
28
34
31
28
38
37
31
21
13
7
1
-8
-7
-12
-11
2
6
-2
-1
-2
7
21
16
18
13
8
4
-5
-2
-4
-13
-13
-17
-12
1
15
15
13
8
1
7
7
11
6
7
3
2
2
-1
4
6
10
16
11
7
15
20
32
35
23
26
31
14
12
21
13
8
-3
-13
-6
4
9
3
-7
-2
5
17
13
11
12
21
29
29
26
28
21
11
8
19
15
15
15
14
17
12
10
14
18
4
3
-3
2
2
-4
2
4
-1
3
8
0
4
5
5
9
13
9
9
14
20
17
12
3
-3
3
1
-1
-15
-19
-30
-21
-9
-1
-4
-2
7
19
27
22
17
11
10
12
3
0
-3
-1
7
0
2
-1
-4
-13
-13
-12
-12
-1
-9
-8
-13
-13
-22
-26
-10
-14
-13
-22
-30
-22
-18
-23
-24
-24
-14
-11
-17
-21
-22
-16
-10
-13
-10
5
5
15
16
17
20
35
40
37
21
19
26
22
12
3
3
9
12
-4
-9
-10
-2
5
3
-1
0
0
9
6
-6
-10
-13
-2
-7
-1
7
4
-7
-12
-9
-13
-7
2
-2
5
5
9
13
13
12
11
8
12
11
11
14
18
11
3
3
-1
3
11
9
-3
-8
-8
-2
0
7
4
0
-1
5
10
10
15
12
4
-5
2
6
11
12
4
6
-12
-18
-5
10
12
10
-1
-8
-4
-2
5
-7
-7
1
-1
6
10
5
-3
-9
-17
-4
-4
-5
-4
-8
-4
-6
-15
-18
-21
-19
-18
-14
-11
-20
-22
-21
-9
-8
-5
-4
-1
-8
-8
-2
-6
-12
-10
-5
2
9
11
20
17
25
20
26
33
38
42
41
38
31
32
29
25
27
17
3
-9
-13
-12
-13
-2
-1
-8
-17
-32
-29
-30
-17
-10
-5
-11
-18
-14
-9
-6
-3
5
10
11
6
6
12
21
18
13
12
13
9
18
7
-1
3
5
7
-2
1
7
5
4
3
7
7
-5
-7
4
6
-9
-11
-3
6
6
8
10
7
12
6
8
11
9
25
32
30
23
25
25
29
16
8
0
2
-2
-13
-15
-19
-16
-22
-30
-30
-35
-34
-30
-35
-30
-29
-28
-31
-23
-17
-14
-5
-3
-4
0
6
19
28
38
53
61
64
69
70
57
66
70
75
74
65
52
50
53
51
42
24
19
14
14
6
-6
-10
-10
-4
-16
-30
-25
-29
-39
-51
-41
-29
-26
-26
-26
-17
-14
-3
-6
5
14
16
20
21
20
21
20
36
45
42
29
18
22
22
40
34
27
26
23
18
16
20
19
24
25
18
17
8
7
2
-2
7
-4
-9
-8
-7
-16
-13
-15
-19
-18
-16
-12
-24
-17
-21
-23
-17
-23
-14
-16
-18
-19
-7
7
13
14
5
2
7
22
28
38
41
41
46
41
40
43
49
52
47
37
30
29
29
20
13
10
9
5
-5
-13
-32
-35
-40
-48
-41
-46
-54
-56
-48
-40
-35
-27
-9
-9
-3
-5
-5
-9
6
21
39
55
57
52
48
60
64
71
84
92
84
71
73
72
55
36
21
12
8
-3
-16
-33
-41
-41
-42
-35
-43
-54
-57
-60
-60
-53
-52
-56
-49
-49
-45
-38
-36
-30
-16
-6
15
30
28
37
60
69
71
69
63
59
58
54
54
54
48
37
17
15
23
25
13
4
-10
-8
-9
-13
-16
-29
-22
-31
-32
-26
-31
-41
-36
-36
-34
-29
-23
-22
-17
5
9
7
0
-1
4
3
11
4
6
8
14
16
19
14
15
5
-3
8
2
11
20
23
21
20
13
5
13
18
21
19
14
27
31
19
10
9
16
26
22
19
15
21
27
15
9
2
-1
12
11
-1
-10
-21
-21
-28
-25
-24
-29
-36
-41
-31
-21
-11
-16
-28
-34
-21
-15
-16
-6
-3
7
3
23
24
21
31
28
22
16
26
42
41
31
29
25
21
13
13
11
14
11
7
8
9
8
4
-2
-7
-9
-17
-14
-13
-16
-20
-24
-22
-28
-23
-15
-10
-4
-19
-32
-32
-33
-26
-22
-21
-22
-22
-20
-17
-7
4
11
9
14
15
15
8
8
15
11
1
-3
6
6
14
13
11
14
20
38
41
36
35
32
36
36
36
32
35
30
13
4
-2
0
-2
-5
-21
-26
-30
-27
-34
-25
-22
-22
-21
-21
-18
-23
-20
-23
-23
-11
-4
4
2
7
11
15
28
24
26
23
20
22
23
32
33
30
28
34
27
25
9
5
0
-7
-19
-36
-34
-39
-28
-42
-52
-61
-67
-71
-70
-64
-55
-53
-51
-46
-46
-36
-32
-24
-17
-8
7
12
29
39
39
37
39
52
51
51
47
38
47
37
27
10
10
13
12
3
-6
-3
-13
-16
-23
-36
-42
-47
-53
-53
-66
-70
-57
-43
-39
-47
-53
-52
-48
-40
-38
-29
-21
-23
-12
-13
-3
2
14
25
30
32
30
34
31
38
42
40
37
33
23
15
16
11
11
2
-6
-11
-17
-22
-26
-28
-16
-18
-9
-22
-32
-33
-28
-19
-22
-20
-26
-21
-18
-18
-17
-16
-20
-12
-12
-15
-10
-4
1
10
4
-7
-12
-18
-24
-26
-13
-16
-18
-16
-13
-16
-22
-24
-24
-17
-15
-16
-16
-20
-29
-38
-39
-39
-41
-23
-22
-15
-16
-14
-5
-7
1
3
7
4
5
1
0
-8
-10
-10
-18
-9
-5
8
4
1
6
5
13
7
0
0
-8
-7
-8
-11
-12
-20
-21
-31
-35
-41
-47
-51
-58
-47
-37
-37
-54
-66
-70
-64
-68
-63
-53
-50
-38
-29
-28
-31
-25
-16
-12
1
2
0
2
11
9
9
15
9
17
24
18
8
-2
4
10
7
-3
-14
-11
-16
-19
-34
-33
-41
-40
-41
-54
-56
-51
-47
-55
-57
-57
-63
-49
-40
-33
-29
-38
-28
-25
-11
0
11
15
13
16
14
6
19
19
25
28
14
15
13
18
13
8
-6
-13
-14
-17
-27
-33
-37
-26
-30
-38
-43
-47
-44
-43
-40
-44
-34
-31
-13
-5
-2
-3
-5
-9
-6
4
1
2
1
12
14
15
13
12
16
28
31
29
24
15
17
22
14
9
1
-10
-15
-27
-36
-40
-38
-47
-44
-43
-46
-45
-42
-40
-36
-31
-30
-19
-18
-33
-27
-22
-18
-13
-20
-17
-15
-9
-11
-3
9
1
5
7
5
4
3
6
13
7
1
-8
-3
-1
-13
-13
-18
-26
-28
-32
-28
-28
-38
-35
-32
-38
-40
-49
-45
-41
-53
-48
-42
-31
-22
-30
-30
-23
-26
-11
-7
2
9
7
-2
-8
-6
2
3
-5
-13
-9
1
-4
-9
-19
-21
-19
-16
-14
-25
-35
-37
-32
-32
-30
-33
-28
-18
-15
-6
-10
-12
-13
-12
-9
-2
4
-1
2
-4
-2
-2
-20
-16
-14
-14
-16
-19
-13
-8
2
1
-2
2
1
0
-5
-22
-27
-39
-42
-36
-35
-39
-40
-35
-38
-40
-43
-45
-44
-33
-22
-13
-20
-14
-7
4
7
-10
-16
-19
-7
1
9
13
20
32
39
34
26
29
37
44
36
27
13
7
5
-3
-12
-20
-28
-29
-27
-29
-32
-38
-42
-52
-54
-56
-57
-57
-66
-66
-65
-68
-50
-41
-29
-20
-20
-17
-9
-7
2
1
-5
1
-1
12
23
21
20
25
25
18
27
33
32
35
43
43
37
32
16
6
-2
1
-12
-20
-21
-26
-26
-25
-40
-52
-63
-73
-77
-76
-69
-62
-70
-59
-50
-54
-39
-33
-27
-10
-2
6
3
4
14
9
8
16
17
20
24
18
13
8
-1
2
6
12
4
10
7
6
2
-13
-32
-42
-46
-41
-29
-39
-49
-59
-58
-54
-58
-58
-62
-47
-41
-50
-46
-42
-32
-23
-17
-4
0
1
-2
-2
-4
2
8
15
32
28
27
21
18
12
2
-5
-6
-9
-16
-10
-11
-11
-10
-23
-27
-30
-41
-37
-34
-37
-36
-39
-37
-36
-36
-44
-35
-26
-21
-21
-23
-21
-21
-19
-12
-1
2
10
22
22
21
22
31
29
32
27
27
35
33
36
34
33
32
37
32
46
48
47
48
31
24
14
13
15
10
10
6
-5
-17
-16
-10
-15
-24
-24
-19
-21
-18
-23
-21
-23
-21
-10
-2
0
-6
-7
-3
-2
-3
1
2
6
6
4
9
6
7
7
5
12
-1
-2
5
13
13
10
3
3
1
-12
-21
-14
-11
-14
-7
-18
-21
-24
-9
-5
-18
-20
-20
-22
-15
-19
-26
-29
-18
1
9
0
-9
-3
9
20
13
5
-3
1
11
25
35
26
14
11
3
-7
-12
-17
-17
-18
-27
-22
-26
-23
-21
-29
-33
-31
-26
-19
-21
-32
-12
-12
-21
-22
-18
-7
-2
5
2
0
2
20
39
46
46
48
50
61
71
75
76
74
77
74
77
75
71
58
39
27
12
20
20
15
12
-5
-13
-14
-17
-13
-4
-10
-20
-11
-14
-25
-27
-23
-4
0
-2
-2
5
19
23
26
17
12
5
5
9
0
1
-5
-1
0
2
14
13
0
-11
-19
-13
-3
-2
-14
-15
-31
-46
-49
-40
-24
-16
-5
3
6
6
7
12
16
16
27
37
47
57
67
77
79
71
72
64
81
79
73
70
68
65
49
31
22
22
8
-9
-27
-29
-36
-38
-43
-47
-49
-55
-49
-56
-53
-54
-56
-57
-49
-44
-45
-27
-20
0
10
20
27
32
36
39
50
64
78
70
69
70
74
76
80
80
78
72
61
53
54
47
42
37
24
22
23
20
9
-1
-3
-8
0
-7
-6
1
8
17
15
11
1
1
9
8
14
-1
-12
-17
-14
-2
3
-1
-10
0
6
5
4
3
7
8
12
16
16
10
23
24
36
38
25
28
24
33
47
49
47
45
34
32
32
30
21
15
6
4
13
16
26
24
25
32
30
36
41
39
41
49
51
54
51
49
48
56
57
52
49
53
67
74
82
77
67
65
61
54
48
38
23
19
13
-5
-13
-10
-12
-22
-26
-40
-41
-40
-43
-42
-41
-40
-42
-42
-41
-37
-32
-27
-14
-13
4
16
26
42
41
43
43
54
63
80
91
84
85
81
85
90
75
71
61
57
50
48
28
11
3
-7
1
-7
-10
-18
-20
-26
-39
-52
-48
-34
-40
-34
-25
-34
-29
-29
-19
-5
10
24
24
33
27
26
42
43
49
46
37
43
34
33
23
19
27
22
17
10
3
-5
-17
-12
-19
-24
-25
-28
-33
-44
-34
-22
-18
-15
-4
15
19
30
38
49
61
72
77
79
88
86
82
83
95
88
77
83
87
84
75
52
38
36
40
25
5
-7
-12
-19
-28
-39
-47
-56
-54
-55
-55
-52
-54
-41
-35
-28
-28
-17
-3
7
14
18
32
43
48
54
56
55
55
62
62
64
51
44
46
41
34
26
26
29
15
-2
-12
-6
1
-13
-15
-23
-24
-14
-20
-19
-14
-10
-1
6
4
9
11
8
5
0
3
17
22
27
29
27
30
36
39
42
39
32
33
30
23
23
18
14
15
17
11
-1
-2
-13
-11
-4
-3
-6
-15
-19
-14
-23
-22
-20
-22
-18
-19
-20
-19
-11
-4
-1
6
15
24
33
28
26
34
37
39
40
34
35
30
34
33
31
30
30
38
37
35
32
29
31
30
23
29
33
33
32
20
15
9
3
11
5
2
-12
-21
-12
-5
-8
-5
-6
-5
-2
0
0
-6
-8
-12
-9
3
6
6
12
4
6
15
20
31
27
29
36
36
34
26
21
14
20
23
19
7
4
-6
-6
0
-4
-10
-18
-18
-29
-31
-36
-30
-29
-28
-25
-25
-32
-37
-32
-32
-28
-22
-11
-4
-5
-2
6
17
31
37
38
37
36
39
46
46
48
48
45
51
52
55
40
22
23
22
20
16
11
4
0
-3
-22
-30
-33
-32
-35
-39
-37
-49
-43
-36
-31
-39
-44
-36
-27
-24
-17
-12
-10
5
5
2
13
20
21
10
5
1
0
7
18
24
29
34
41
49
37
30
27
26
23
24
21
10
16
19
20
16
16
17
22
16
12
-5
-7
3
-3
-2
-7
-12
-15
-3
-5
-24
-22
-23
-22
-13
-15
-13
-9
-7
-15
-5
9
3
-10
-18
-11
-12
-8
-14
-18
-23
-25
-28
-17
-9
-20
-10
-16
-5
-7
-8
1
5
6
3
-2
-2
2
1
-3
-3
-7
-17
-11
3
9
7
3
-4
-5
-7
0
0
8
4
-1
7
15
18
6
3
17
24
37
43
34
34
34
26
12
4
0
-6
-2
-10
-17
-29
-31
-26
-30
-40
-44
-37
-35
-30
-36
-38
-38
-35
-34
-31
-28
-32
-35
-34
-29
-26
-17
-16
-14
-13
-15
-13
-18
-6
5
16
20
17
13
23
29
30
31
28
12
8
7
0
-1
1
5
-2
-4
-10
-3
-2
2
8
7
1
-2
4
1
2
-2
-2
-9
-2
3
2
3
-3
-2
-1
-1
-15
-24
-24
-31
-36
-31
-34
-39
-48
-48
-37
-33
-26
-34
-33
-32
-45
-44
-35
-37
-33
-26
-17
-4
5
4
7
7
12
25
41
52
53
40
30
29
22
25
31
39
38
27
13
9
9
14
22
20
17
11
2
2
-7
-15
-17
-27
-32
-30
-26
-25
-33
-39
-44
-46
-35
-27
-31
-35
-48
-45
-37
-34
-43
-48
-46
-50
-52
-53
-59
-59
-47
-40
-30
-25
-6
-2
-6
-10
-2
-5
-7
-13
-18
-12
-2
-6
-22
-19
-13
-3
4
8
0
1
8
14
25
16
3
-1
-1
4
-3
-5
-4
-16
-14
-9
-5
-5
-10
-9
-3
4
8
2
-6
-9
-24
-22
-25
-28
-21
-22
-27
-21
-19
-20
-17
-16
-17
-27
-22
-23
-36
-35
-49
-54
-55
-69
-65
-49
-54
-46
-25
-17
-13
-7
-13
-13
-3
-6
-3
0
7
2
5
3
2
3
12
20
21
22
23
26
21
14
16
20
25
14
3
-3
0
1
-10
-9
-17
-11
-7
-10
-7
-12
-27
-33
-37
-41
-35
-39
-45
-47
-45
-42
-42
-49
-42
-39
-37
-38
-33
-20
-6
-4
-9
-16
-14
-12
-12
-20
-30
-25
-30
-19
-21
-18
-20
-16
-7
-8
-8
-5
9
9
9
6
9
5
-3
-1
10
10
6
-3
-13
-10
-15
-11
-14
-10
-4
-7
-13
-13
-24
-34
-32
-28
-21
-15
-19
-22
-17
-15
-20
-9
-18
-16
-14
-11
-11
-27
-41
-43
-29
-24
-31
-38
-47
-45
-42
-47
-43
-48
-57
-55
-41
-38
-37
-33
-25
-22
-12
-3
-16
-4
2
2
-4
-21
-15
-13
-12
-15
-24
-24
-17
-14
-5
-9
-15
-13
-8
-14
-26
-24
-23
-39
-42
-44
-55
-60
-57
-32
-35
-48
-50
-47
-41
-38
-34
-24
-19
-13
-12
-11
-9
-13
-7
-11
2
3
4
1
0
1
-4
-3
-17
-11
-10
-13
-13
-13
-23
-36
-34
-31
-35
-38
-50
-49
-29
-22
-21
-24
-22
-28
-28
-24
-22
-32
-31
-30
-29
-18
-22
-11
-8
-11
-8
5
16
14
15
2
-7
-5
-3
4
10
4
-1
-8
-8
-2
6
-1
-20
-24
-7
-6
-7
-8
-18
-18
-20
-18
-16
-29
-36
-34
-34
-36
-41
-43
-38
-40
-29
-21
-26
-15
-2
-4
-10
-7
-4
-8
-10
-18
-21
-19
-10
-12
-20
-30
-34
-26
-19
-22
-22
-17
-20
-19
-27
-41
-58
-48
-49
-57
-49
-45
-39
-35
-40
-38
-29
-22
-5
-1
-10
-14
-13
-4
-6
-7
-14
-2
1
-1
0
1
11
24
27
28
20
11
22
26
27
22
20
14
8
-7
-12
-8
-20
-26
-36
-34
-33
-27
-34
-29
-35
-46
-42
-41
-35
-38
-33
-29
-31
-36
-34
-15
-12
-6
9
15
14
10
-2
-5
5
3
1
-5
-15
-22
-16
-13
-6
-1
10
13
16
14
9
15
14
8
4
8
13
5
-10
-2
-12
-8
-12
-14
-11
-19
-14
-23
-27
-30
-26
-28
-42
-40
-34
-37
-34
-29
-30
-27
-24
-16
-12
-19
-15
3
16
11
11
9
12
19
12
0
-5
-11
-14
-12
-4
4
1
4
5
7
-11
-20
-11
-9
-7
-8
-6
-9
-22
-21
-26
-13
-10
-26
-30
-24
-25
-25
-19
-22
-22
-29
-13
2
3
5
16
24
20
9
16
16
23
17
8
9
2
6
9
1
-19
-33
-26
-20
-15
-18
-26
-24
-21
-17
-6
-6
-4
-6
-4
17
8
-6
-4
4
1
4
-8
-11
-13
-7
-5
1
4
-1
-10
-11
5
5
1
2
11
-5
-18
-17
-14
-11
-15
-11
-13
-12
-17
-13
-12
-9
-16
-25
-1
17
7
-4
1
12
12
17
17
21
19
19
32
29
21
19
14
22
16
16
22
10
10
18
23
23
23
10
3
-1
-9
-8
-1
-11
-19
-22
-9
-7
-15
-24
-19
-11
-4
-6
-6
-5
-5
-11
-6
-1
-12
-8
-3
-1
-2
7
9
15
34
21
13
18
21
13
4
6
6
-6
-9
-11
-13
-6
-4
-11
-12
-4
-3
-9
-2
10
-2
1
11
14
22
14
10
6
8
3
-5
0
1
-5
-12
-15
-6
3
5
-9
-17
-12
-16
-7
-9
-20
-22
-19
-10
-9
-4
5
18
7
-1
1
4
4
-2
-3
-1
-2
-11
-7
-8
-5
-10
-15
-7
-7
-12
-11
-9
-7
1
3
13
13
5
-3
0
-1
2
0
-1
0
4
8
2
-5
2
14
16
25
24
19
19
27
26
17
22
25
23
21
25
21
17
29
29
27
30
28
30
15
7
0
1
-6
-21
-27
-35
-40
-45
-36
-36
-30
-20
-17
-11
-14
-9
-2
1
-5
0
5
11
16
18
13
4
13
23
22
23
28
26
25
27
31
18
11
16
14
15
13
4
-2
-5
-7
-6
-5
-6
-5
-10
-2
1
-9
-15
-8
-2
-6
-17
-26
-22
-19
-15
-6
7
3
5
9
11
15
23
26
29
36
29
30
26
30
26
19
9
-2
-3
0
7
-1
-19
-35
-27
-27
-29
-24
-27
-31
-29
-25
-18
-13
-6
-10
-11
-7
-3
0
-2
10
15
9
-6
0
6
13
15
13
12
10
9
14
11
17
15
19
29
32
26
25
32
28
29
22
10
9
9
-1
-7
-2
-3
-9
-13
-15
-25
-19
-6
-2
-1
-4
-5
-2
1
11
3
-3
10
14
28
30
23
4
4
13
3
8
4
7
11
-3
-2
-8
-21
-16
-10
-16
-23
-20
-10
-6
-9
-7
-3
2
5
10
7
14
16
19
18
19
16
18
22
17
6
11
6
2
1
0
-9
-14
-21
-8
19
27
24
20
20
15
12
17
20
15
8
-2
-6
-8
-15
-25
-23
-32
-32
-29
-32
-40
-35
-32
-29
-31
-41
-33
-22
-23
-32
-30
-24
-20
-24
-15
-12
-17
-16
-12
-10
-5
3
11
5
-4
2
16
21
13
3
12
19
13
2
-7
-3
0
-4
-9
-4
-3
-4
-3
-6
-2
2
1
-8
-15
-16
-11
-10
-15
-21
-27
-15
-25
-17
-14
-23
-19
-17
-10
-9
-6
0
0
-1
-11
-12
-11
-17
-11
-10
-10
-16
-16
-17
-15
-9
-12
-18
-12
-13
-12
-19
-16
-15
-18
-30
-29
-17
-9
1
-3
-6
-12
-8
1
8
12
9
0
-5
10
20
27
18
10
21
26
33
39
32
29
31
23
8
0
2
8
2
-6
-9
-17
-15
-7
-2
-16
-20
-3
2
-5
-5
-14
-16
-14
-19
-21
-18
-9
-7
-16
-23
-22
-5
4
9
10
10
13
22
28
17
16
22
31
12
2
-5
-3
3
-6
-13
-15
-7
-2
5
1
-17
-25
-23
-9
7
8
2
-12
-21
1
15
5
-15
-20
-17
-7
-1
-7
-17
-27
-14
-8
-4
-1
-11
-13
-11
-7
-8
-9
-1
10
14
12
8
6
8
11
11
2
-8
-6
9
10
0
-12
-3
2
4
8
1
-9
-7
-11
-17
-12
-15
-6
2
10
8
-2
-9
-10
-7
4
4
-1
-7
-7
2
2
-1
-9
-2
11
9
1
-9
-16
1
14
17
-4
-15
-4
5
8
-7
-10
-6
8
7
-1
-13
-20
-11
-5
-9
-12
-21
-20
-13
-3
2
-9
-11
1
8
9
1
-2
-1
11
14
4
-3
-2
-1
3
1
0
0
4
5
-4
-7
-1
5
7
5
12
2
1
0
-10
-9
-10
-16
-16
-26
-34
-35
-36
-29
-27
-18
-22
-18
-14
-10
0
1
4
2
7
9
10
0
-7
-3
3
3
-4
-22
-31
-24
-19
-11
-18
-17
-17
-14
-12
-22
-18
-19
-17
-12
-20
-23
-16
-22
-25
-21
-16
-19
-17
-13
-13
-4
5
6
-3
-5
0
-4
3
10
3
2
-3
-4
4
4
-4
-3
-7
-10
-10
-11
-7
-9
-7
2
2
6
-3
-11
-14
0
7
9
5
10
14
1
-3
-6
-1
-1
5
4
11
15
19
18
11
21
23
37
34
16
5
-7
0
5
4
-11
-17
-17
-12
-6
-19
-26
-30
-23
-18
-24
-26
-18
-5
5
7
7
9
11
14
10
7
-4
0
18
21
20
15
10
8
11
12
5
18
14
10
2
-10
-6
-1
5
-5
-8
-23
-23
-14
-15
-15
-12
-13
1
9
6
-7
-20
-17
-7
-6
-15
-20
-20
-14
-11
-4
-13
-8
0
11
17
5
-4
1
8
22
31
17
12
11
14
11
5
4
-5
2
4
2
-13
-16
-16
-20
-15
-26
-21
-20
-13
-8
-6
-6
-1
14
8
4
9
9
7
2
-4
-5
-1
1
0
7
-5
-9
6
10
7
4
-1
5
12
6
6
8
9
17
24
16
8
2
11
13
16
15
15
19
17
12
8
17
22
26
22
12
6
12
21
17
5
1
0
3
6
10
10
6
1
-3
8
11
10
4
-6
5
8
2
-3
-11
-4
-4
-3
-9
-5
-4
-7
1
-14
-6
-4
1
-1
-2
8
12
10
7
12
5
7
7
8
8
2
13
17
11
8
6
10
2
-2
2
13
14
6
7
0
7
15
20
22
4
6
8
13
10
-1
-8
4
15
17
16
10
11
13
15
13
3
-5
-4
-3
-7
-23
-28
-21
-21
-19
-23
-18
-7
8
8
6
9
8
21
20
18
4
1
11
5
13
9
15
4
4
2
1
12
10
14
15
15
18
17
21
19
17
10
8
3
-1
4
11
9
3
11
18
13
4
4
3
8
7
-1
-10
-13
-2
-9
-15
-8
-12
-12
-18
-23
-18
-13
-12
-15
-11
-16
-15
-8
-6
-4
-14
-20
-12
-11
-13
-4
-5
-3
5
-7
-6
0
7
2
0
9
9
10
11
13
21
25
23
26
27
28
36
37
33
31
22
32
40
39
36
30
15
9
8
-1
-7
-11
-6
-7
0
-2
-4
8
8
11
7
1
-1
1
4
-1
-8
-9
0
9
17
16
22
27
23
26
32
38
35
26
26
26
23
19
10
8
19
19
8
2
-1
15
21
20
13
20
30
22
15
1
-1
10
16
11
6
1
4
12
1
-2
-6
-2
12
19
15
-3
-15
-8
4
10
6
-8
-10
-3
2
9
2
-6
2
11
14
10
1
3
3
10
5
-2
2
6
11
13
10
14
14
11
13
13
12
4
9
12
6
8
13
10
18
16
12
17
13
12
21
21
3
5
4
11
19
14
2
10
11
4
3
5
11
15
19
8
3
-2
5
19
18
5
8
20
21
21
17
17
26
33
39
32
19
2
19
27
22
17
-8
5
19
24
27
22
23
28
28
23
16
16
18
13
10
5
-1
-4
0
6
1
8
17
12
19
16
28
35
26
16
8
5
20
15
7
3
-10
-11
-7
-1
1
-2
-15
-19
-7
2
-4
-5
-10
-12
-8
-2
-15
-18
-9
-1
8
6
0
6
17
20
31
28
31
34
38
28
26
31
26
26
22
25
24
30
32
24
22
35
39
43
33
25
21
27
28
20
8
0
7
9
11
-9
-12
-2
1
8
5
-2
13
27
29
17
11
19
27
39
34
23
27
32
29
29
26
14
20
16
14
11
8
8
10
12
9
16
17
16
17
9
13
6
-6
12
17
16
1
-6
3
14
28
25
15
6
4
13
18
15
5
7
23
26
24
13
2
11
11
8
2
4
10
2
-13
-21
-6
2
-1
-9
-8
-4
-2
-2
-10
-8
-9
-6
-13
-8
-3
-8
-9
-1
9
0
-1
-12
-8
2
12
16
11
19
31
36
34
31
23
27
24
16
16
19
26
16
2
6
16
21
9
8
0
-1
-1
4
6
1
3
0
-3
-7
-2
3
13
11
4
1
0
3
8
12
11
10
6
17
15
10
0
2
13
10
13
9
2
0
3
1
-2
-7
-16
-17
-17
-21
-25
-19
-18
-12
-8
-17
-6
-4
-4
-10
-17
-14
-9
-1
5
11
16
14
13
18
23
22
19
26
27
31
16
-1
7
8
12
7
5
9
12
8
-6
-24
-30
-25
-23
-22
-21
-34
-45
-44
-35
-32
-42
-36
-28
-13
-10
-12
-11
-7
1
-2
1
-4
-14
-16
-7
4
13
7
-1
0
8
15
16
4
3
18
19
21
12
-2
-4
-5
-4
-5
-13
-15
-3
-5
-21
-18
-13
1
14
11
-2
-5
1
6
13
7
-11
-14
-5
4
0
-13
-35
-29
-11
3
6
-5
-11
-8
7
21
4
-13
-10
12
12
2
-22
-34
-24
-6
-4
-14
-12
-11
-6
2
10
-1
-14
-18
0
15
7
-12
-12
-5
-4
-8
-24
-14
-3
2
4
-2
5
16
25
21
2
-5
-6
13
10
0
-2
-6
7
8
10
11
6
1
1
11
3
-4
-13
-12
-6
-3
-5
-16
-27
-24
-22
-28
-22
-25
-33
-32
-29
-32
-25
-24
-21
-22
-33
-31
-25
-26
-24
-22
-18
-12
-3
4
11
9
9
14
21
30
30
23
18
23
19
20
18
9
24
17
12
14
5
0
7
6
-4
-12
-18
-24
-35
-36
-31
-25
-25
-30
-34
-36
-26
-17
-17
-31
-42
-34
-16
-12
-27
-32
-14
-4
2
1
-16
-6
3
3
-3
-9
-5
2
1
-1
-5
-12
-15
-11
-17
-14
-13
-12
-17
-22
-19
-18
-11
-2
-2
-7
-11
-6
19
24
17
4
2
8
13
17
10
10
7
0
6
6
3
-3
-3
8
12
9
0
-4
-2
13
8
-12
-18
-19
-17
-13
-15
-23
-24
-32
-26
-27
-30
-20
-8
-1
-11
-17
-15
-10
1
2
-13
-18
-8
8
0
-8
-9
6
25
27
20
15
8
16
27
19
6
0
2
-5
0
-4
-18
-24
-14
-3
-13
-15
-26
-33
-26
-13
-22
-29
-26
-9
-3
-16
-23
-35
-36
-22
-21
-28
-30
-29
-24
-14
-18
-27
-19
-23
-9
-15
-31
-27
-26
-21
-29
-25
-21
-27
-20
-16
-17
-19
-12
-12
-7
-6
-8
-3
2
7
4
-3
-7
2
9
2
-9
-10
-1
2
10
3
-3
4
6
2
-5
-14
-1
5
-1
-10
-15
-19
-16
-14
-24
-24
-22
-20
-25
-29
-34
-35
-23
-6
-6
-14
-29
-32
-13
-11
-18
-23
-28
-17
-13
-13
-24
-34
-28
-21
-10
-9
-18
-30
-24
-22
-15
3
0
-6
-8
-1
4
7
3
3
13
13
15
20
19
5
-2
-5
5
7
0
-7
-8
-15
-16
-20
-26
-14
-12
-8
-8
-17
-25
-17
-16
-19
-27
-31
-32
-36
-41
-44
-51
-54
-55
-46
-41
-44
-44
-48
-40
-31
-25
-20
-28
-18
-15
-19
-20
-23
-5
-1
9
-1
-6
8
10
1
-3
-2
-2
4
2
-12
-21
-25
-20
-7
-7
-18
-17
-9
-11
-12
-20
-18
-15
-22
-16
-9
-13
-31
-33
-25
-19
-20
-27
-16
-5
3
4
-11
-3
10
12
2
-7
-4
7
4
-3
-12
-11
-12
-9
-9
-26
-31
-28
-21
-18
-29
-43
-39
-26
-30
-41
-40
-27
-18
-21
-20
-17
-17
-22
-19
-5
-19
-29
-19
-8
-1
-11
-14
-10
0
-5
-2
1
-7
7
10
6
4
0
-5
2
14
10
5
-8
-2
-6
-14
-6
-7
-10
-21
-18
-20
-19
-36
-37
-26
-30
-33
-43
-46
-37
-37
-44
-42
-32
-28
-24
-19
-20
-12
-20
-24
-20
-5
0
-7
-7
-6
4
8
-1
-10
-10
-2
7
12
17
20
16
12
8
10
16
25
21
16
12
3
0
0
-3
-7
-12
-16
-17
-21
-12
-9
-16
-7
14
17
15
12
14
25
20
13
10
6
11
26
29
21
4
2
10
17
24
19
1
-4
2
12
11
-5
-9
-9
-4
-2
-10
-27
-25
-18
-4
-14
-17
-13
-20
-17
-17
-14
-4
-1
-2
-10
-11
7
25
25
19
14
26
37
36
30
22
20
25
37
34
22
20
13
8
6
3
2
-4
-8
-24
-24
-16
-17
-18
-15
-14
-18
-13
-20
-25
-18
-25
-23
-13
-9
-4
-4
1
4
-1
4
10
24
28
23
21
27
34
23
14
10
28
37
14
2
-7
-9
-5
-12
-14
-4
2
-9
-22
-26
-19
-13
-16
-15
-16
-13
-10
-19
-19
-10
-7
-6
-7
6
1
1
2
7
23
24
10
12
17
23
17
1
7
15
20
12
-1
-1
9
14
8
0
1
-6
6
0
1
1
1
7
5
-8
-23
-19
-12
-1
-17
-30
-30
-17
-11
-19
-22
-9
2
13
14
11
8
5
21
24
22
17
12
17
22
31
37
26
15
15
18
28
25
18
23
26
22
20
16
26
21
11
7
7
9
1
-6
-9
-11
-3
7
6
4
7
4
4
6
-3
1
11
7
7
7
6
25
30
24
29
31
37
53
54
37
34
30
30
35
31
23
24
14
11
19
16
12
13
9
12
9
1
-1
-1
9
10
-1
2
12
17
30
22
14
13
14
30
22
28
38
32
31
27
23
22
28
31
36
34
29
33
41
37
28
19
10
7
19
18
5
6
8
3
2
5
6
12
7
2
8
20
28
26
26
34
18
16
18
20
23
19
24
24
23
14
6
8
15
9
10
8
14
18
15
6
9
10
-1
-5
-14
-13
-19
-30
-22
-18
-14
-12
-17
-14
-12
-3
-5
-14
-26
-15
0
15
21
16
25
40
48
45
39
40
46
41
41
41
31
35
30
18
16
7
4
4
10
4
5
8
10
8
1
8
-3
-5
-1
-18
-14
-12
-12
-13
-13
-9
1
12
15
10
9
20
22
27
33
36
26
26
26
21
24
24
33
27
30
25
35
48
54
63
49
45
37
25
25
33
41
35
20
17
25
33
36
32
31
23
26
27
25
26
21
19
21
19
18
18
23
15
8
14
27
22
14
23
29
33
31
33
28
28
24
16
17
17
28
25
31
24
16
15
1
6
2
10
9
0
1
1
2
1
16
15
12
13
14
20
8
12
15
24
30
25
19
14
19
16
6
4
11
22
35
34
15
11
11
16
19
10
8
12
23
25
6
5
11
12
10
2
-2
7
18
5
-4
-11
-3
4
10
0
-2
3
2
3
5
3
6
8
2
8
1
1
1
1
5
7
21
15
9
14
8
9
10
14
22
26
22
24
28
25
18
8
21
22
16
8
6
9
13
4
6
8
1
1
3
3
1
4
-1
-4
5
12
9
9
10
24
27
19
27
30
25
21
16
4
7
6
8
-6
-11
-15
-14
1
-2
3
2
-12
-10
9
21
17
11
7
16
23
24
5
-3
4
10
3
-3
0
5
6
3
0
0
10
12
9
10
14
23
26
24
22
17
10
